dateTime	initialValue	lowerLim	upperLim	check	meanSubst	medianSubst
2018-07-01 00:00:00	25.0	-20.5	57.0		18.2	13.8
2018-07-01 01:00:00	52.0	-19.4	55.4		18.0	13.4
2018-07-01 02:00:00	44.0	-26.1	65.3		19.6	13.2
2018-07-01 03:00:00	44.0	-24.9	63.2		19.1	13.0
2018-07-01 04:00:00	44.0	-24.7	63.2		19.2	13.0
2018-07-01 05:00:00	44.0	-24.5	63.4		19.5	13.0
2018-07-01 06:00:00	44.0	-23.8	63.1		19.6	13.0
2018-07-01 07:00:00	44.0	-21.1	64.2		21.6	15.0
2018-07-01 08:00:00	44.0	-17.9	67.1		24.6	17.0
2018-07-01 09:00:00	44.0	-16.5	74.3		28.9	20.2
2018-07-01 10:00:00	45.0	-17.6	80.3		31.4	20.2
2018-07-01 11:00:00	45.0	-18.9	83.5		32.3	20.2
2018-07-01 12:00:00	46.0	-18.8	84.1		32.7	21.0
2018-07-01 13:00:00	45.0	-19.2	85.8		33.3	21.5
2018-07-01 14:00:00	49.0	-21.1	91.5		35.2	23.0
2018-07-01 15:00:00	48.0	-19.6	91.5		36.0	23.0
2018-07-01 16:00:00	48.0	-18.0	87.7		34.8	23.5
2018-07-01 17:00:00	51.0	-13.8	74.0		30.1	23.6
2018-07-01 18:00:00	50.0	-9.8	61.9		26.1	23.0
2018-07-01 19:00:00	52.0	-5.6	50.4	abnormal	22.4	19.0
2018-07-01 20:00:00	50.0	-8.7	50.5		20.9	18.0
2018-07-01 21:00:00	51.0	-10.9	48.5	abnormal	18.8	15.8
2018-07-01 22:00:00	52.0	-12.8	48.2	abnormal	17.7	15.0
2018-07-01 23:00:00	51.0	-9.8	42.7	abnormal	16.5	14.3
2018-07-02 00:00:00	33.0	-20.1	56.1		18.0	13.7
2018-07-02 01:00:00	52.0	-20.0	55.6		17.8	13.0
2018-07-02 02:00:00	52.0	-25.4	63.3		18.9	12.7
2018-07-02 03:00:00	51.0	-23.9	61.3		18.7	12.7
2018-07-02 04:00:00	52.0	-22.8	60.8		19.0	13.0
2018-07-02 05:00:00	52.0	-22.3	61.1		19.4	13.0
2018-07-02 06:00:00	52.0	-21.1	60.7		19.8	13.5
2018-07-02 07:00:00	51.0	-17.5	62.3		22.4	16.0
2018-07-02 08:00:00	52.0	-12.7	67.9		27.6	22.8
2018-07-02 09:00:00	36.0	-6.9	76.3		34.7	35.2
2018-07-02 10:00:00	52.0	-2.5	79.7		38.6	43.7
2018-07-02 11:00:00	52.0	-3.9	82.6		39.3	44.0
2018-07-02 12:00:00	52.0	-3.8	84.4		40.3	45.0
2018-07-02 13:00:00	51.0	-5.2	88.5		41.6	44.0
2018-07-02 14:00:00	55.0	-4.2	93.9		44.9	48.5
2018-07-02 15:00:00	63.0	-2.3	93.2		45.4	50.5
2018-07-02 16:00:00	60.0	-2.5	89.7		43.6	48.0
2018-07-02 17:00:00	48.0	-8.2	81.9		36.9	37.5
2018-07-02 18:00:00	24.0	-8.6	70.4		30.9	27.0
2018-07-02 19:00:00	23.0	-7.9	57.4		24.8	20.0
2018-07-02 20:00:00	18.0	-11.0	56.3		22.6	18.0
2018-07-02 21:00:00	18.0	-14.8	55.2		20.2	16.5
2018-07-02 22:00:00	15.0	-17.4	55.6		19.1	15.3
2018-07-02 23:00:00	15.0	-15.5	50.2		17.4	14.0
2018-07-03 00:00:00	13.0	-16.6	50.0		16.7	13.2
2018-07-03 01:00:00	12.0	-17.8	50.3		16.2	13.0
2018-07-03 02:00:00	12.0	-22.3	55.2		16.4	12.0
2018-07-03 03:00:00	12.0	-22.1	55.2		16.5	12.2
2018-07-03 04:00:00	12.0	-21.3	55.2		16.9	13.0
2018-07-03 05:00:00	13.0	-20.5	55.7		17.6	13.0
2018-07-03 06:00:00	14.0	-18.4	55.6		18.6	14.5
2018-07-03 07:00:00	17.0	-14.3	58.7		22.2	16.5
2018-07-03 08:00:00	20.0	-10.9	72.7		30.9	29.1
2018-07-03 09:00:00	33.0	0.6	82.3		41.4	43.9
2018-07-03 10:00:00	43.0	18.3	79.8		49.0	48.0
2018-07-03 11:00:00	46.0	14.5	85.1		49.8	50.1
2018-07-03 12:00:00	40.0	14.2	87.2		50.7	51.0
2018-07-03 13:00:00	51.0	10.5	94.2		52.3	51.5
2018-07-03 14:00:00	60.0	20.3	92.9		56.6	58.0
2018-07-03 15:00:00	53.0	26.7	88.4		57.5	59.0
2018-07-03 16:00:00	52.0	23.6	83.4		53.5	55.7
2018-07-03 17:00:00	43.0	-1.9	86.0		42.0	44.9
2018-07-03 18:00:00	18.0	-4.5	67.7		31.6	27.0
2018-07-03 19:00:00	17.0	7.0	37.1		22.1	21.8
2018-07-03 20:00:00	17.0	7.4	30.9		19.1	18.0
2018-07-03 21:00:00	16.0	7.6	25.5		16.5	16.5
2018-07-03 22:00:00	13.0	6.1	24.4		15.3	15.0
2018-07-03 23:00:00	13.0	5.8	22.0		13.9	14.0
2018-07-04 00:00:00	15.0	5.3	20.1		12.7	12.0
2018-07-04 01:00:00	12.0	6.4	17.6		12.0	12.0
2018-07-04 02:00:00	12.0	7.8	15.4		11.6	12.0
2018-07-04 03:00:00	12.0	8.0	15.3		11.7	12.0
2018-07-04 04:00:00	13.0	8.0	16.3		12.2	12.0
2018-07-04 05:00:00	16.0	7.4	18.0		12.7	13.0
2018-07-04 06:00:00	17.0	6.2	21.8		14.0	13.0
2018-07-04 07:00:00	22.0	2.4	32.2		17.3	16.5
2018-07-04 08:00:00	28.0	-9.6	62.7		26.5	22.0
2018-07-04 09:00:00	51.0	-3.4	76.2		36.4	34.2
2018-07-04 10:00:00	66.0	13.5	74.6		44.1	43.9
2018-07-04 11:00:00	62.0	9.7	79.7		44.7	44.4
2018-07-04 12:00:00	54.0	10.3	83.3		46.8	46.0
2018-07-04 13:00:00	66.0	8.9	89.0		48.9	48.0
2018-07-04 14:00:00	76.0	18.9	87.4		53.1	52.7
2018-07-04 15:00:00	69.0	21.8	86.1		53.9	54.9
2018-07-04 16:00:00	65.0	19.0	81.2		50.1	52.2
2018-07-04 17:00:00	57.0	-4.4	82.7		39.2	38.5
2018-07-04 18:00:00	26.0	-5.0	64.7		29.9	25.1
2018-07-04 19:00:00	24.0	6.4	36.8		21.6	20.1
2018-07-04 20:00:00	20.0	5.7	33.2		19.4	18.0
2018-07-04 21:00:00	20.0	7.0	25.5		16.2	16.0
2018-07-04 22:00:00	15.0	6.4	22.5		14.5	14.0
2018-07-04 23:00:00	15.0	7.0	19.3		13.2	13.0
2018-07-05 00:00:00	12.0	6.4	18.5		12.5	12.0
2018-07-05 01:00:00	12.0	7.1	17.0		12.0	12.0
2018-07-05 02:00:00	12.0	7.6	15.9		11.7	12.0
2018-07-05 03:00:00	12.0	7.7	15.8		11.7	12.0
2018-07-05 04:00:00	11.0	7.5	16.9		12.2	12.0
2018-07-05 05:00:00	12.0	6.3	19.9		13.1	13.0
2018-07-05 06:00:00	13.0	5.3	24.5		14.9	14.5
2018-07-05 07:00:00	18.0	1.7	35.9		18.8	18.0
2018-07-05 08:00:00	22.0	-10.6	68.7		29.1	24.0
2018-07-05 09:00:00	32.0	-2.4	83.5		40.5	42.7
2018-07-05 10:00:00	42.0	16.0	81.1		48.6	48.0
2018-07-05 11:00:00	42.0	13.4	85.4		49.4	48.2
2018-07-05 12:00:00	32.0	16.2	87.5		51.9	50.6
2018-07-05 13:00:00	46.0	14.6	95.2		54.9	55.1
2018-07-05 14:00:00	45.0	26.9	91.6		59.2	59.9
2018-07-05 15:00:00	40.0	31.2	87.0		59.1	58.5
2018-07-05 16:00:00	46.0	22.4	83.9		53.2	55.9
2018-07-05 17:00:00	34.0	-4.2	86.4		41.1	42.6
2018-07-05 18:00:00	22.0	-1.3	62.1		30.4	27.5
2018-07-05 19:00:00	18.0	11.4	34.1		22.7	22.3
2018-07-05 20:00:00	16.0	8.8	33.5		21.2	20.0
2018-07-05 21:00:00	18.0	7.1	28.8		18.0	17.8
2018-07-05 22:00:00	15.0	5.7	26.1		15.9	15.5
2018-07-05 23:00:00	12.0	6.2	21.9		14.1	14.0
2018-07-06 00:00:00	16.0	6.4	19.1		12.8	12.0
2018-07-06 01:00:00	12.0	7.6	16.8		12.2	12.0
2018-07-06 02:00:00	13.0	7.2	16.8		12.0	12.0
2018-07-06 03:00:00	15.0	7.3	16.3		11.8	12.0
2018-07-06 04:00:00	11.0	7.6	16.9		12.3	12.0
2018-07-06 05:00:00	14.0	6.6	18.8		12.7	12.0
2018-07-06 06:00:00	15.0	5.5	22.9		14.2	13.0
2018-07-06 07:00:00	20.0	1.9	32.7		17.3	17.0
2018-07-06 08:00:00	23.0	-9.9	59.0		24.5	21.2
2018-07-06 09:00:00	45.0	-8.2	71.0		31.4	24.5
2018-07-06 10:00:00	47.0	-4.0	77.3		36.6	36.7
2018-07-06 11:00:00	50.0	-4.8	79.1		37.1	37.9
2018-07-06 12:00:00	49.0	-6.2	85.6		39.7	39.5
2018-07-06 13:00:00	57.0	-9.6	93.0		41.7	43.0
2018-07-06 14:00:00	59.0	-7.2	97.3		45.0	48.6
2018-07-06 15:00:00	63.0	-6.2	95.5		44.6	48.3
2018-07-06 16:00:00	57.0	-4.2	86.7		41.2	40.8
2018-07-06 17:00:00	45.0	-12.2	77.0		32.4	24.5
2018-07-06 18:00:00	21.0	-3.2	53.5		25.2	21.5
2018-07-06 19:00:00	20.0	5.7	34.3		20.0	18.5
2018-07-06 20:00:00	21.0	5.5	32.8		19.1	18.0
2018-07-06 21:00:00	18.0	5.9	28.3		17.1	16.0
2018-07-06 22:00:00	14.0	4.8	25.6		15.2	15.0
2018-07-06 23:00:00	16.0	5.8	21.3		13.5	13.0
2018-07-07 00:00:00	13.0	6.3	19.5		12.9	12.0
2018-07-07 01:00:00	12.0	7.4	18.2		12.8	12.0
2018-07-07 02:00:00	12.0	7.2	18.0		12.6	12.0
2018-07-07 03:00:00	12.0	7.2	17.4		12.3	12.0
2018-07-07 04:00:00	12.0	7.8	16.9		12.3	12.0
2018-07-07 05:00:00	12.0	7.1	18.5		12.8	12.0
2018-07-07 06:00:00	12.0	5.4	23.2		14.3	13.0
2018-07-07 07:00:00	17.0	-2.6	38.3		17.8	17.0
2018-07-07 08:00:00	20.0	-15.5	65.3		24.9	19.0
2018-07-07 09:00:00	19.0	-13.6	75.7		31.0	23.0
2018-07-07 10:00:00	18.0	-12.9	80.7		33.9	25.0
2018-07-07 11:00:00	20.0	-12.5	78.3		32.9	24.5
2018-07-07 12:00:00	19.0	-15.8	82.9		33.6	25.0
2018-07-07 13:00:00	23.0	-21.6	91.8		35.1	24.5
2018-07-07 14:00:00	24.0	-21.2	95.7		37.2	25.0
2018-07-07 15:00:00	25.0	-18.1	93.7		37.8	27.4
2018-07-07 16:00:00	24.0	-10.7	83.9		36.6	29.1
2018-07-07 17:00:00	20.0	-11.4	73.9		31.3	24.5
2018-07-07 18:00:00	16.0	-6.8	58.5		25.9	21.0
2018-07-07 19:00:00	16.0	0.3	41.5		20.9	19.0
2018-07-07 20:00:00	16.0	3.2	35.9		19.5	18.0
2018-07-07 21:00:00	15.0	7.1	28.0		17.6	17.0
2018-07-07 22:00:00	13.0	6.3	25.8		16.0	16.0
2018-07-07 23:00:00	12.0	6.7	22.4		14.5	14.0
2018-07-08 00:00:00	11.0	7.2	20.4		13.8	14.0
2018-07-08 01:00:00	12.0	8.0	18.9		13.4	13.5
2018-07-08 02:00:00	12.0	7.8	18.5		13.1	13.0
2018-07-08 03:00:00	12.0	7.9	17.7		12.8	12.5
2018-07-08 04:00:00	12.0	8.6	16.9		12.8	13.0
2018-07-08 05:00:00	12.0	7.1	19.3		13.2	13.0
2018-07-08 06:00:00	12.0	5.6	23.4		14.5	13.5
2018-07-08 07:00:00	18.0	-5.2	42.0		18.4	17.0
2018-07-08 08:00:00	17.0	-17.4	68.4		25.5	19.0
2018-07-08 09:00:00	19.0	-14.4	76.6		31.1	23.0
2018-07-08 10:00:00	20.0	-15.2	82.4		33.6	25.0
2018-07-08 11:00:00	20.0	-13.3	78.5		32.6	24.5
2018-07-08 12:00:00	20.0	-19.9	87.3		33.7	25.0
2018-07-08 13:00:00	20.0	-25.8	95.7		35.0	24.5
2018-07-08 14:00:00	20.0	-28.2	103.4		37.6	25.0
2018-07-08 15:00:00	21.0	-23.6	99.2		37.8	27.4
2018-07-08 16:00:00	22.0	-16.4	89.9		36.7	28.6
2018-07-08 17:00:00	20.0	-12.0	75.3		31.7	26.6
2018-07-08 18:00:00	16.0	-8.4	63.5		27.5	22.0
2018-07-08 19:00:00	16.0	-3.7	49.5		22.9	20.0
2018-07-08 20:00:00	16.0	-0.6	42.0		20.7	18.5
2018-07-08 21:00:00	17.0	7.0	28.3		17.6	17.0
2018-07-08 22:00:00	16.0	6.7	24.5		15.6	16.0
2018-07-08 23:00:00	14.0	6.9	21.3		14.1	14.0
2018-07-09 00:00:00	13.0	6.9	19.8		13.3	13.0
2018-07-09 01:00:00	12.0	7.7	18.7		13.2	13.0
2018-07-09 02:00:00	12.0	8.1	17.6		12.8	13.0
2018-07-09 03:00:00	12.0	8.7	16.6		12.6	12.5
2018-07-09 04:00:00	12.0	9.4	16.0		12.7	13.0
2018-07-09 05:00:00	13.0	7.3	19.3		13.3	12.5
2018-07-09 06:00:00	12.0	6.5	23.2		14.8	14.0
2018-07-09 07:00:00	18.0	-4.2	42.0		18.9	17.0
2018-07-09 08:00:00	23.0	-16.6	71.3		27.3	19.0
2018-07-09 09:00:00	29.0	-10.7	81.1		35.2	33.5
2018-07-09 10:00:00	37.0	-7.1	86.0		39.4	39.3
2018-07-09 11:00:00	39.0	-6.0	82.3		38.1	36.0
2018-07-09 12:00:00	35.0	-12.0	90.4		39.2	37.5
2018-07-09 13:00:00	37.0	-15.9	99.7		41.9	38.5
2018-07-09 14:00:00	39.0	-16.0	107.9		45.9	45.5
2018-07-09 15:00:00	45.0	-10.6	103.8		46.6	46.0
2018-07-09 16:00:00	39.0	-4.2	93.1		44.4	45.5
2018-07-09 17:00:00	29.0	-5.2	80.2		37.5	39.5
2018-07-09 18:00:00	20.0	-1.8	65.1		31.7	30.5
2018-07-09 19:00:00	20.0	1.3	49.4		25.4	24.5
2018-07-09 20:00:00	20.0	1.6	43.7		22.6	19.5
2018-07-09 21:00:00	17.0	6.4	30.7		18.5	17.5
2018-07-09 22:00:00	12.0	7.5	24.7		16.1	16.3
2018-07-09 23:00:00	12.0	7.1	20.9		14.0	14.0
2018-07-10 00:00:00	11.0	6.9	19.1		13.0	13.0
2018-07-10 01:00:00	12.0	6.8	18.0		12.4	12.0
2018-07-10 02:00:00	12.0	7.5	16.8		12.2	12.0
2018-07-10 03:00:00	12.0	8.2	16.2		12.2	12.0
2018-07-10 04:00:00	12.0	8.9	16.4		12.7	13.0
2018-07-10 05:00:00	12.0	7.6	19.2		13.4	13.0
2018-07-10 06:00:00	12.0	6.9	23.1		15.0	14.0
2018-07-10 07:00:00	16.0	-0.9	38.9		19.0	18.0
2018-07-10 08:00:00	18.0	-10.5	67.7		28.6	24.0
2018-07-10 09:00:00	25.0	-3.1	82.9		39.9	40.0
2018-07-10 10:00:00	30.0	14.5	82.1		48.3	49.2
2018-07-10 11:00:00	30.0	17.4	83.2		50.3	52.5
2018-07-10 12:00:00	31.0	14.8	90.6		52.7	53.5
2018-07-10 13:00:00	40.0	13.3	99.4		56.4	57.5
2018-07-10 14:00:00	46.0	21.7	100.3		61.0	64.5
2018-07-10 15:00:00	46.0	25.4	96.4		60.9	61.0
2018-07-10 16:00:00	46.0	18.4	92.7		55.5	56.0
2018-07-10 17:00:00	40.0	-3.3	90.6		43.7	45.5
2018-07-10 18:00:00	19.0	-0.4	69.1		34.4	31.0
2018-07-10 19:00:00	18.0	7.8	44.5		26.2	25.0
2018-07-10 20:00:00	17.0	6.4	41.3		23.8	23.5
2018-07-10 21:00:00	16.0	6.3	32.7		19.5	19.0
2018-07-10 22:00:00	12.0	4.7	27.9		16.3	16.0
2018-07-10 23:00:00	12.0	5.8	21.4		13.6	13.0
2018-07-11 00:00:00	11.0	6.9	17.6		12.2	12.0
2018-07-11 01:00:00	12.0	7.1	16.1		11.6	11.0
2018-07-11 02:00:00	12.0	8.2	14.6		11.4	11.0
2018-07-11 03:00:00	12.0	8.3	14.7		11.5	11.1
2018-07-11 04:00:00	13.0	8.3	16.0		12.1	12.0
2018-07-11 05:00:00	15.0	8.0	17.7		12.8	13.0
2018-07-11 06:00:00	14.0	8.0	20.6		14.3	14.0
2018-07-11 07:00:00	20.0	3.8	30.4		17.1	16.0
2018-07-11 08:00:00	26.0	-7.8	59.4		25.8	22.7
2018-07-11 09:00:00	37.0	-3.9	78.5		37.3	41.0
2018-07-11 10:00:00	50.0	16.9	76.2		46.5	45.5
2018-07-11 11:00:00	54.0	18.3	78.6		48.5	49.0
2018-07-11 12:00:00	57.0	18.2	82.9		50.5	52.0
2018-07-11 13:00:00	63.0	19.0	89.6		54.3	57.0
2018-07-11 14:00:00	66.0	32.8	85.3		59.0	59.5
2018-07-11 15:00:00	62.0	34.7	83.5		59.1	58.5
2018-07-11 16:00:00	60.0	26.5	81.5		54.0	53.5
2018-07-11 17:00:00	58.0	-2.4	86.3		42.0	43.5
2018-07-11 18:00:00	27.0	-2.1	67.7		32.8	29.0
2018-07-11 19:00:00	24.0	11.6	37.4		24.5	24.5
2018-07-11 20:00:00	24.0	8.3	37.0		22.7	21.5
2018-07-11 21:00:00	25.0	5.8	31.6		18.7	18.6
2018-07-11 22:00:00	19.0	3.9	27.0		15.4	14.5
2018-07-11 23:00:00	16.0	6.1	20.1		13.1	12.0
2018-07-12 00:00:00	16.0	8.0	15.9	abnormal	11.9	12.0
2018-07-12 01:00:00	13.0	7.5	15.8		11.7	11.8
2018-07-12 02:00:00	13.0	8.5	14.2		11.3	11.1
2018-07-12 03:00:00	12.0	8.4	14.5		11.5	11.1
2018-07-12 04:00:00	13.0	8.0	16.6		12.3	12.0
2018-07-12 05:00:00	14.0	7.1	19.7		13.4	13.0
2018-07-12 06:00:00	15.0	6.9	23.7		15.3	14.0
2018-07-12 07:00:00	19.0	0.6	38.1		19.3	17.7
2018-07-12 08:00:00	23.0	-10.1	69.4		29.6	25.4
2018-07-12 09:00:00	36.0	-1.0	85.6		42.3	44.1
2018-07-12 10:00:00	45.0	25.0	79.8		52.4	51.3
2018-07-12 11:00:00	48.0	31.5	78.7		55.1	55.0
2018-07-12 12:00:00	42.0	35.4	78.9		57.1	57.0
2018-07-12 13:00:00	52.0	34.2	84.4		59.3	59.5
2018-07-12 14:00:00	64.0	43.6	81.1		62.3	63.0
2018-07-12 15:00:00	56.0	42.1	82.0		62.0	63.0
2018-07-12 16:00:00	47.0	30.8	83.8		57.3	57.5
2018-07-12 17:00:00	40.0	-2.8	91.7		44.5	49.5
2018-07-12 18:00:00	21.0	-3.3	70.6		33.7	28.3
2018-07-12 19:00:00	21.0	14.1	34.8		24.5	24.0
2018-07-12 20:00:00	21.0	11.1	34.2		22.6	22.0
2018-07-12 21:00:00	16.0	8.6	30.3		19.4	20.0
2018-07-12 22:00:00	12.0	5.0	27.7		16.3	17.0
2018-07-12 23:00:00	12.0	6.1	21.8		13.9	13.0
2018-07-13 00:00:00	11.0	7.3	18.0		12.6	12.0
2018-07-13 01:00:00	12.0	7.6	16.9		12.2	12.0
2018-07-13 02:00:00	12.0	8.2	15.3		11.7	12.0
2018-07-13 03:00:00	12.0	8.2	15.1		11.7	12.0
2018-07-13 04:00:00	12.0	8.0	16.3		12.2	12.0
2018-07-13 05:00:00	16.0	6.6	19.4		13.0	13.0
2018-07-13 06:00:00	16.0	5.9	23.4		14.6	14.0
2018-07-13 07:00:00	21.0	-0.6	36.0		17.7	16.0
2018-07-13 08:00:00	33.0	-15.4	65.7		25.2	19.0
2018-07-13 09:00:00	49.0	-14.8	82.8		34.0	31.6
2018-07-13 10:00:00	57.0	-7.8	90.8		41.5	44.6
2018-07-13 11:00:00	56.0	-7.1	92.4		42.6	48.0
2018-07-13 12:00:00	54.0	-8.4	95.3		43.5	48.5
2018-07-13 13:00:00	58.0	-9.6	98.3		44.4	51.0
2018-07-13 14:00:00	56.0	-7.1	102.2		47.5	56.5
2018-07-13 15:00:00	57.0	-4.5	99.5		47.5	56.0
2018-07-13 16:00:00	56.0	-5.2	92.8		43.8	48.0
2018-07-13 17:00:00	49.0	-12.2	81.3		34.6	27.9
2018-07-13 18:00:00	23.0	-8.2	62.6		27.2	22.6
2018-07-13 19:00:00	20.0	6.5	35.6		21.0	21.4
2018-07-13 20:00:00	19.0	6.1	33.5		19.8	20.0
2018-07-13 21:00:00	18.0	6.3	28.3		17.3	17.0
2018-07-13 22:00:00	14.0	5.6	24.5		15.1	14.0
2018-07-13 23:00:00	12.0	6.3	19.9		13.1	12.5
2018-07-14 00:00:00	12.0	7.2	17.6		12.4	12.0
2018-07-14 01:00:00	12.0	7.5	16.7		12.1	12.0
2018-07-14 02:00:00	12.0	7.9	16.0		11.9	12.0
2018-07-14 03:00:00	12.0	8.3	15.4		11.9	12.0
2018-07-14 04:00:00	12.0	8.0	16.3		12.1	12.0
2018-07-14 05:00:00	12.0	6.8	18.7		12.8	12.5
2018-07-14 06:00:00	12.0	4.8	23.1		14.0	13.0
2018-07-14 07:00:00	16.0	-2.1	35.4		16.7	15.5
2018-07-14 08:00:00	16.0	-15.8	60.2		22.2	17.0
2018-07-14 09:00:00	17.0	-21.4	78.5		28.5	19.5
2018-07-14 10:00:00	18.0	-23.0	89.4		33.2	23.0
2018-07-14 11:00:00	19.0	-23.1	91.1		34.0	24.0
2018-07-14 12:00:00	17.0	-21.4	89.4		34.0	25.5
2018-07-14 13:00:00	19.0	-19.3	87.4		34.1	25.7
2018-07-14 14:00:00	20.0	-18.0	90.2		36.1	27.0
2018-07-14 15:00:00	20.0	-15.3	89.6		37.2	27.8
2018-07-14 16:00:00	23.0	-15.1	86.6		35.8	28.9
2018-07-14 17:00:00	21.0	-14.5	73.8		29.6	26.8
2018-07-14 18:00:00	16.0	-7.1	56.0		24.5	22.0
2018-07-14 19:00:00	14.0	6.6	34.3		20.5	21.0
2018-07-14 20:00:00	12.0	7.2	32.6		19.9	20.0
2018-07-14 21:00:00	13.0	7.1	28.2		17.6	18.0
2018-07-14 22:00:00	12.0	5.8	25.3		15.6	15.0
2018-07-14 23:00:00	12.0	5.5	21.3		13.4	13.0
2018-07-15 00:00:00	9.0	7.1	18.2		12.7	12.0
2018-07-15 01:00:00	12.0	7.1	17.0		12.0	12.0
2018-07-15 02:00:00	11.0	8.1	15.9		12.0	12.0
2018-07-15 03:00:00	12.0	8.5	15.4		11.9	12.0
2018-07-15 04:00:00	12.0	8.4	15.8		12.1	12.0
2018-07-15 05:00:00	11.0	6.8	18.7		12.7	12.0
2018-07-15 06:00:00	12.0	3.7	23.9		13.8	12.5
2018-07-15 07:00:00	16.0	-3.5	36.7		16.6	14.5
2018-07-15 08:00:00	16.0	-17.9	62.8		22.5	17.0
2018-07-15 09:00:00	19.0	-24.6	82.8		29.1	19.5
2018-07-15 10:00:00	16.0	-26.8	96.1		34.6	23.0
2018-07-15 11:00:00	18.0	-27.3	98.4		35.5	24.0
2018-07-15 12:00:00	20.0	-26.2	96.8		35.3	25.5
2018-07-15 13:00:00	19.0	-23.6	94.2		35.3	25.7
2018-07-15 14:00:00	25.0	-23.0	96.7		36.9	27.0
2018-07-15 15:00:00	27.0	-21.5	98.1		38.3	27.8
2018-07-15 16:00:00	29.0	-21.4	95.5		37.0	28.6
2018-07-15 17:00:00	27.0	-20.5	83.4		31.4	27.9
2018-07-15 18:00:00	20.0	-11.6	63.9		26.1	24.5
2018-07-15 19:00:00	22.0	3.6	39.1		21.4	21.4
2018-07-15 20:00:00	21.0	5.0	35.2		20.1	20.5
2018-07-15 21:00:00	21.0	6.2	28.6		17.4	17.4
2018-07-15 22:00:00	16.0	5.3	25.5		15.4	14.0
2018-07-15 23:00:00	14.0	5.2	21.4		13.3	12.5
2018-07-16 00:00:00	9.0	6.3	19.2		12.8	12.0
2018-07-16 01:00:00	12.0	6.2	18.1		12.2	12.0
2018-07-16 02:00:00	12.0	7.3	17.2		12.2	12.0
2018-07-16 03:00:00	12.0	8.2	15.8		12.0	12.0
2018-07-16 04:00:00	12.0	8.4	16.4		12.4	12.0
2018-07-16 05:00:00	15.0	6.3	19.8		13.0	12.0
2018-07-16 06:00:00	17.0	1.6	27.8		14.7	13.0
2018-07-16 07:00:00	24.0	-4.9	42.1		18.6	16.5
2018-07-16 08:00:00	36.0	-16.7	70.0		26.7	22.0
2018-07-16 09:00:00	54.0	-17.6	88.0		35.2	36.0
2018-07-16 10:00:00	69.0	-15.7	98.8		41.5	44.2
2018-07-16 11:00:00	69.0	-16.8	100.9		42.1	47.0
2018-07-16 12:00:00	61.0	-15.7	101.5		42.9	47.0
2018-07-16 13:00:00	73.0	-12.5	99.9		43.7	48.5
2018-07-16 14:00:00	72.0	-11.2	105.0		46.9	51.5
2018-07-16 15:00:00	79.0	-8.3	103.9		47.8	54.5
2018-07-16 16:00:00	75.0	-8.0	99.3		45.6	49.0
2018-07-16 17:00:00	66.0	-13.6	88.5		37.4	33.0
2018-07-16 18:00:00	29.0	-8.1	70.3		31.1	27.2
2018-07-16 19:00:00	26.0	10.2	38.2		24.2	23.3
2018-07-16 20:00:00	24.0	10.0	34.2		22.1	21.0
2018-07-16 21:00:00	21.0	8.6	28.7		18.6	19.0
2018-07-16 22:00:00	16.0	5.9	25.9		15.9	16.0
2018-07-16 23:00:00	14.0	5.5	21.9		13.7	14.0
2018-07-17 00:00:00	12.0	5.8	19.7		12.7	12.0
2018-07-17 01:00:00	14.0	6.5	17.9		12.2	12.0
2018-07-17 02:00:00	13.0	7.5	17.1		12.3	12.0
2018-07-17 03:00:00	12.0	8.3	16.0		12.1	12.0
2018-07-17 04:00:00	12.0	8.4	17.1		12.8	12.5
2018-07-17 05:00:00	14.0	5.8	21.7		13.7	13.0
2018-07-17 06:00:00	18.0	0.1	32.0		16.0	14.0
2018-07-17 07:00:00	28.0	-7.0	50.3		21.7	20.0
2018-07-17 08:00:00	36.0	-13.5	81.4		33.9	31.5
2018-07-17 09:00:00	45.0	0.4	93.3		46.8	46.5
2018-07-17 10:00:00	56.0	17.4	93.8		55.6	56.5
2018-07-17 11:00:00	61.0	12.0	98.7		55.4	57.0
2018-07-17 12:00:00	51.0	14.1	98.6		56.4	58.0
2018-07-17 13:00:00	63.0	17.5	97.6		57.6	57.5
2018-07-17 14:00:00	71.0	25.7	97.4		61.6	61.8
2018-07-17 15:00:00	68.0	27.9	96.7		62.3	62.0
2018-07-17 16:00:00	62.0	19.8	96.9		58.3	57.5
2018-07-17 17:00:00	56.0	-3.6	96.0		46.2	44.0
2018-07-17 18:00:00	22.0	-2.9	74.4		35.7	31.6
2018-07-17 19:00:00	24.0	11.0	41.3		26.1	26.0
2018-07-17 20:00:00	24.0	7.7	38.8		23.3	21.4
2018-07-17 21:00:00	19.0	6.5	32.5		19.5	19.0
2018-07-17 22:00:00	14.0	4.8	27.9		16.3	16.0
2018-07-17 23:00:00	12.0	6.5	21.3		13.9	14.0
2018-07-18 00:00:00	11.0	5.9	20.1		13.0	13.0
2018-07-18 01:00:00	12.0	6.7	18.7		12.7	13.0
2018-07-18 02:00:00	12.0	7.1	18.1		12.6	13.0
2018-07-18 03:00:00	12.0	8.0	16.7		12.4	12.0
2018-07-18 04:00:00	13.0	8.3	17.7		13.0	13.0
2018-07-18 05:00:00	17.0	6.7	20.6		13.6	13.0
2018-07-18 06:00:00	20.0	0.8	30.9		15.8	14.5
2018-07-18 07:00:00	32.0	-6.9	48.3		20.7	18.0
2018-07-18 08:00:00	47.0	-11.7	74.9		31.6	29.5
2018-07-18 09:00:00	61.0	-0.1	86.8		43.4	43.2
2018-07-18 10:00:00	69.0	16.4	86.4		51.4	53.3
2018-07-18 11:00:00	60.0	11.4	91.5		51.4	52.5
2018-07-18 12:00:00	57.0	12.5	94.2		53.3	52.5
2018-07-18 13:00:00	65.0	14.9	98.1		56.5	54.5
2018-07-18 14:00:00	69.0	26.6	97.2		61.9	64.0
2018-07-18 15:00:00	75.0	28.5	94.2		61.4	62.0
2018-07-18 16:00:00	70.0	21.5	91.3		56.4	56.0
2018-07-18 17:00:00	58.0	-2.2	90.9		44.3	44.0
2018-07-18 18:00:00	33.0	-2.2	70.8		34.3	29.0
2018-07-18 19:00:00	39.0	13.2	37.6	abnormal	25.4	25.0
2018-07-18 20:00:00	33.0	8.3	37.9		23.1	21.5
2018-07-18 21:00:00	28.0	7.3	31.5		19.4	19.0
2018-07-18 22:00:00	16.0	4.8	27.8		16.3	16.0
2018-07-18 23:00:00	15.0	6.2	21.2		13.7	14.0
2018-07-19 00:00:00	13.0	6.3	18.8		12.6	12.0
2018-07-19 01:00:00	15.0	8.0	16.4		12.2	12.0
2018-07-19 02:00:00	15.0	8.0	16.3		12.1	12.0
2018-07-19 03:00:00	13.0	8.0	16.1		12.1	12.0
2018-07-19 04:00:00	12.0	7.2	18.8		13.0	13.0
2018-07-19 05:00:00	15.0	5.3	23.3		14.3	13.1
2018-07-19 06:00:00	15.0	2.2	32.1		17.1	15.5
2018-07-19 07:00:00	23.0	-6.4	51.8		22.7	20.5
2018-07-19 08:00:00	39.0	-11.7	80.1		34.2	31.5
2018-07-19 09:00:00	50.0	-0.1	95.2		47.6	46.5
2018-07-19 10:00:00	64.0	16.1	98.4		57.2	57.0
2018-07-19 11:00:00	61.0	13.7	103.6		58.7	58.5
2018-07-19 12:00:00	45.0	16.5	105.2		60.8	61.0
2018-07-19 13:00:00	68.0	19.7	104.5		62.1	63.0
2018-07-19 14:00:00	74.0	30.4	102.9		66.7	68.0
2018-07-19 15:00:00	67.0	31.5	100.9		66.2	69.0
2018-07-19 16:00:00	61.0	20.4	99.6		60.0	57.5
2018-07-19 17:00:00	56.0	-5.5	96.7		45.6	47.0
2018-07-19 18:00:00	24.0	-1.5	71.1		34.8	30.0
2018-07-19 19:00:00	25.0	11.8	40.2		26.0	26.0
2018-07-19 20:00:00	23.0	7.1	40.9		24.0	22.0
2018-07-19 21:00:00	20.0	5.8	34.5		20.2	19.0
2018-07-19 22:00:00	18.0	4.1	29.5		16.8	16.0
2018-07-19 23:00:00	15.0	5.5	22.9		14.2	15.0
2018-07-20 00:00:00	11.0	5.3	21.3		13.3	12.5
2018-07-20 01:00:00	12.0	6.0	19.8		12.9	12.0
2018-07-20 02:00:00	12.0	6.1	19.3		12.7	12.0
2018-07-20 03:00:00	12.0	6.4	18.5		12.5	12.0
2018-07-20 04:00:00	12.0	6.9	19.1		13.0	12.5
2018-07-20 05:00:00	18.0	5.5	22.0		13.7	13.0
2018-07-20 06:00:00	22.0	3.8	27.6		15.7	15.0
2018-07-20 07:00:00	27.0	-4.4	43.8		19.7	18.0
2018-07-20 08:00:00	41.0	-13.1	69.7		28.3	23.5
2018-07-20 09:00:00	58.0	-13.1	90.9		38.9	40.0
2018-07-20 10:00:00	66.0	-6.7	102.4		47.8	48.0
2018-07-20 11:00:00	65.0	-7.5	106.5		49.5	52.0
2018-07-20 12:00:00	61.0	-8.1	109.1		50.5	50.0
2018-07-20 13:00:00	66.0	-6.6	109.9		51.6	51.0
2018-07-20 14:00:00	71.0	-3.5	113.7		55.1	59.0
2018-07-20 15:00:00	76.0	-1.8	110.2		54.2	58.5
2018-07-20 16:00:00	64.0	-3.8	102.6		49.4	53.0
2018-07-20 17:00:00	53.0	-11.1	88.4		38.7	32.5
2018-07-20 18:00:00	25.0	-3.5	64.7		30.6	26.0
2018-07-20 19:00:00	26.0	11.9	35.5		23.7	23.5
2018-07-20 20:00:00	21.0	8.2	35.8		22.0	20.5
2018-07-20 21:00:00	17.0	7.3	30.8		19.0	18.5
2018-07-20 22:00:00	15.0	5.3	27.1		16.2	16.5
2018-07-20 23:00:00	12.0	5.5	22.7		14.1	13.5
2018-07-21 00:00:00	10.0	5.4	20.9		13.2	12.0
2018-07-21 01:00:00	13.0	5.4	20.3		12.9	12.0
2018-07-21 02:00:00	12.0	5.5	20.1		12.8	12.0
2018-07-21 03:00:00	13.0	5.6	19.5		12.5	12.0
2018-07-21 04:00:00	12.0	6.1	19.6		12.8	12.0
2018-07-21 05:00:00	11.0	5.0	22.2		13.6	13.0
2018-07-21 06:00:00	12.0	3.2	27.1		15.2	14.0
2018-07-21 07:00:00	16.0	-4.2	40.2		18.0	16.0
2018-07-21 08:00:00	16.0	-15.2	64.4		24.6	19.5
2018-07-21 09:00:00	16.0	-22.5	87.5		32.5	23.5
2018-07-21 10:00:00	17.0	-25.9	104.4		39.2	31.0
2018-07-21 11:00:00	17.0	-26.1	108.5		41.2	31.0
2018-07-21 12:00:00	19.0	-24.5	107.9		41.7	32.0
2018-07-21 13:00:00	26.0	-19.9	104.9		42.5	33.0
2018-07-21 14:00:00	28.0	-18.0	108.4		45.2	34.5
2018-07-21 15:00:00	26.0	-14.8	105.6		45.4	35.5
2018-07-21 16:00:00	26.0	-12.3	96.7		42.2	36.0
2018-07-21 17:00:00	23.0	-9.9	78.9		34.5	29.0
2018-07-21 18:00:00	20.0	0.8	56.7		28.7	26.0
2018-07-21 19:00:00	20.0	12.5	35.9		24.2	24.6
2018-07-21 20:00:00	16.0	9.3	36.6		23.0	22.0
2018-07-21 21:00:00	16.0	5.8	34.2		20.0	19.5
2018-07-21 22:00:00	12.0	4.3	30.4		17.3	17.0
2018-07-21 23:00:00	11.0	5.2	25.5		15.3	15.0
2018-07-22 00:00:00	11.0	5.3	23.6		14.5	13.5
2018-07-22 01:00:00	12.0	6.0	22.1		14.1	13.9
2018-07-22 02:00:00	12.0	6.5	21.1		13.8	13.7
2018-07-22 03:00:00	12.0	6.4	21.0		13.7	13.7
2018-07-22 04:00:00	12.0	7.0	20.6		13.8	14.0
2018-07-22 05:00:00	11.0	5.5	22.8		14.2	14.0
2018-07-22 06:00:00	11.0	2.9	27.8		15.3	14.5
2018-07-22 07:00:00	16.0	-6.8	44.0		18.6	16.0
2018-07-22 08:00:00	16.0	-22.1	74.4		26.1	19.5
2018-07-22 09:00:00	16.0	-29.1	98.3		34.6	23.5
2018-07-22 10:00:00	20.0	-32.5	115.4		41.4	31.0
2018-07-22 11:00:00	23.0	-31.1	115.7		42.3	31.0
2018-07-22 12:00:00	24.0	-31.2	118.1		43.5	32.0
2018-07-22 13:00:00	26.0	-29.0	118.6		44.8	33.0
2018-07-22 14:00:00	33.0	-30.0	125.8		47.9	34.5
2018-07-22 15:00:00	35.0	-26.7	121.9		47.6	35.5
2018-07-22 16:00:00	35.0	-24.3	113.6		44.6	36.0
2018-07-22 17:00:00	31.0	-19.7	94.8		37.5	31.0
2018-07-22 18:00:00	21.0	-9.0	73.6		32.3	29.9
2018-07-22 19:00:00	28.0	6.0	48.1		27.1	26.0
2018-07-22 20:00:00	29.0	5.0	44.9		25.0	24.1
2018-07-22 21:00:00	25.0	2.7	39.7		21.2	20.0
2018-07-22 22:00:00	20.0	2.6	32.8		17.7	16.3
2018-07-22 23:00:00	20.0	6.4	23.7		15.0	14.5
2018-07-23 00:00:00	17.0	6.7	21.6		14.2	13.5
2018-07-23 01:00:00	16.0	7.5	20.2		13.8	13.9
2018-07-23 02:00:00	15.0	7.5	20.0		13.7	13.9
2018-07-23 03:00:00	15.0	7.1	20.4		13.8	14.0
2018-07-23 04:00:00	18.0	7.6	20.6		14.1	15.0
2018-07-23 05:00:00	17.0	5.8	24.5		15.2	15.0
2018-07-23 06:00:00	18.0	2.1	32.0		17.0	15.0
2018-07-23 07:00:00	28.0	-6.5	49.1		21.3	17.0
2018-07-23 08:00:00	44.0	-21.1	81.3		30.1	24.4
2018-07-23 09:00:00	77.0	-22.3	102.4		40.0	38.5
2018-07-23 10:00:00	87.0	-20.9	118.0		48.5	54.1
2018-07-23 11:00:00	89.0	-17.5	116.9		49.7	54.3
2018-07-23 12:00:00	80.0	-18.6	123.0		52.2	57.5
2018-07-23 13:00:00	99.0	-14.2	122.8		54.3	57.5
2018-07-23 14:00:00	101.0	-12.0	130.4		59.2	66.5
2018-07-23 15:00:00	103.0	-7.7	125.0		58.7	65.5
2018-07-23 16:00:00	93.0	-7.5	116.8		54.7	58.0
2018-07-23 17:00:00	86.0	-11.8	100.5		44.4	42.5
2018-07-23 18:00:00	45.0	-8.6	83.1		37.3	30.5
2018-07-23 19:00:00	40.0	8.4	51.5		30.0	28.5
2018-07-23 20:00:00	34.0	6.6	48.4		27.5	26.0
2018-07-23 21:00:00	26.0	4.0	42.1		23.1	22.2
2018-07-23 22:00:00	16.0	3.8	34.5		19.1	18.9
2018-07-23 23:00:00	16.0	6.0	26.1		16.1	16.0
2018-07-24 00:00:00	13.0	6.7	22.9		14.8	15.0
2018-07-24 01:00:00	16.0	7.0	20.7		13.8	14.0
2018-07-24 02:00:00	16.0	7.4	19.6		13.5	14.0
2018-07-24 03:00:00	16.0	7.2	20.0		13.6	14.0
2018-07-24 04:00:00	16.0	6.4	23.2		14.8	15.0
2018-07-24 05:00:00	18.0	6.4	26.0		16.2	15.0
2018-07-24 06:00:00	21.0	2.4	35.2		18.8	16.5
2018-07-24 07:00:00	32.0	-6.1	56.6		25.3	22.0
2018-07-24 08:00:00	41.0	-15.8	94.4		39.3	36.0
2018-07-24 09:00:00	60.0	0.4	110.5		55.4	53.5
2018-07-24 10:00:00	77.0	26.6	107.6		67.1	69.0
2018-07-24 11:00:00	72.0	26.9	107.5		67.2	67.5
2018-07-24 12:00:00	57.0	26.8	110.3		68.6	68.0
2018-07-24 13:00:00	82.0	25.7	114.1		69.9	67.0
2018-07-24 14:00:00	85.0	35.0	116.8		75.9	73.0
2018-07-24 15:00:00	81.0	35.0	114.6		74.8	70.5
2018-07-24 16:00:00	75.0	23.4	112.9		68.1	66.5
2018-07-24 17:00:00	69.0	-3.7	109.6		53.0	52.0
2018-07-24 18:00:00	45.0	-7.2	89.0		40.9	36.5
2018-07-24 19:00:00	46.0	9.7	50.6		30.1	28.0
2018-07-24 20:00:00	37.0	6.4	48.5		27.4	26.0
2018-07-24 21:00:00	28.0	4.7	41.4		23.1	22.0
2018-07-24 22:00:00	23.0	3.2	34.9		19.0	18.4
2018-07-24 23:00:00	19.0	5.2	26.2		15.7	15.8
2018-07-25 00:00:00	13.0	5.3	23.6		14.4	14.2
2018-07-25 01:00:00	15.0	5.8	21.4		13.6	13.5
2018-07-25 02:00:00	12.0	5.7	20.9		13.3	13.5
2018-07-25 03:00:00	12.0	6.6	19.6		13.1	14.0
2018-07-25 04:00:00	15.0	4.8	23.3		14.1	14.0
2018-07-25 05:00:00	24.0	6.6	23.9	abnormal	15.2	15.0
2018-07-25 06:00:00	21.0	2.1	33.4		17.7	16.0
2018-07-25 07:00:00	33.0	-7.1	53.4		23.2	20.5
2018-07-25 08:00:00	53.0	-16.2	87.2		35.5	32.5
2018-07-25 09:00:00	78.0	-1.2	103.0		50.9	51.0
2018-07-25 10:00:00	86.0	25.1	98.2		61.6	60.0
2018-07-25 11:00:00	91.0	29.6	93.8		61.7	60.5
2018-07-25 12:00:00	70.0	26.5	98.4		62.5	58.0
2018-07-25 13:00:00	86.0	27.6	101.8		64.7	63.5
2018-07-25 14:00:00	95.0	36.0	103.9		70.0	67.0
2018-07-25 15:00:00	99.0	38.6	99.6		69.1	67.0
2018-07-25 16:00:00	79.0	26.7	100.3		63.5	63.0
2018-07-25 17:00:00	68.0	-3.8	101.9		49.0	49.5
2018-07-25 18:00:00	36.0	-6.9	82.7		37.9	31.5
2018-07-25 19:00:00	34.0	8.3	47.7		28.0	25.5
2018-07-25 20:00:00	27.0	6.9	45.4		26.1	24.6
2018-07-25 21:00:00	30.0	6.5	37.6		22.0	21.5
2018-07-25 22:00:00	22.0	4.7	32.4		18.6	18.0
2018-07-25 23:00:00	20.0	5.1	26.0		15.6	15.0
2018-07-26 00:00:00	14.0	4.7	23.6		14.2	13.5
2018-07-26 01:00:00	15.0	5.4	20.9		13.2	12.6
2018-07-26 02:00:00	15.0	5.6	19.4		12.5	12.0
2018-07-26 03:00:00	13.0	6.9	17.8		12.4	12.0
2018-07-26 04:00:00	14.0	4.4	22.6		13.5	13.0
2018-07-26 05:00:00	18.0	4.5	25.9		15.2	14.0
2018-07-26 06:00:00	17.0	2.9	32.8		17.8	17.5
2018-07-26 07:00:00	22.0	-7.2	54.5		23.7	20.5
2018-07-26 08:00:00	41.0	-17.5	89.5		36.0	31.0
2018-07-26 09:00:00	54.0	-3.9	107.5		51.8	51.8
2018-07-26 10:00:00	71.0	22.1	103.0		62.6	60.0
2018-07-26 11:00:00	67.0	27.0	99.4		63.2	60.5
2018-07-26 12:00:00	61.0	24.6	100.9		62.8	57.2
2018-07-26 13:00:00	75.0	23.6	103.4		63.5	59.0
2018-07-26 14:00:00	80.0	24.6	110.5		67.5	62.5
2018-07-26 15:00:00	76.0	24.9	108.4		66.7	62.5
2018-07-26 16:00:00	70.0	18.8	102.9		60.8	59.0
2018-07-26 17:00:00	63.0	-6.8	99.6		46.4	47.5
2018-07-26 18:00:00	24.0	-5.5	77.1		35.8	28.5
2018-07-26 19:00:00	34.0	13.6	38.3		26.0	25.0
2018-07-26 20:00:00	33.0	9.9	39.0		24.4	24.1
2018-07-26 21:00:00	25.0	5.1	37.3		21.2	21.0
2018-07-26 22:00:00	15.0	4.3	32.1		18.2	18.5
2018-07-26 23:00:00	15.0	4.5	26.0		15.3	15.5
2018-07-27 00:00:00	11.0	4.9	23.0		13.9	13.5
2018-07-27 01:00:00	12.0	5.3	20.6		13.0	12.1
2018-07-27 02:00:00	12.0	5.6	19.4		12.5	12.0
2018-07-27 03:00:00	12.0	7.2	17.3		12.2	12.0
2018-07-27 04:00:00	13.0	6.7	18.7		12.7	12.5
2018-07-27 05:00:00	17.0	4.8	23.1		14.0	13.0
2018-07-27 06:00:00	24.0	4.5	26.9		15.7	14.0
2018-07-27 07:00:00	27.0	-3.9	43.6		19.8	18.0
2018-07-27 08:00:00	45.0	-15.4	74.4		29.5	22.0
2018-07-27 09:00:00	67.0	-9.7	92.4		41.3	45.0
2018-07-27 10:00:00	74.0	6.7	95.3		51.0	53.0
2018-07-27 11:00:00	81.0	8.3	93.6		50.9	53.0
2018-07-27 12:00:00	61.0	0.7	100.3		50.5	53.0
2018-07-27 13:00:00	84.0	-2.2	99.7		48.7	52.5
2018-07-27 14:00:00	83.0	-6.9	108.1		50.6	55.0
2018-07-27 15:00:00	81.0	-5.7	105.7		50.0	53.5
2018-07-27 16:00:00	74.0	-4.1	97.4		46.6	47.0
2018-07-27 17:00:00	59.0	-12.8	87.3		37.3	30.5
2018-07-27 18:00:00	26.0	-5.9	66.5		30.3	25.0
2018-07-27 19:00:00	27.0	10.4	36.9		23.6	24.0
2018-07-27 20:00:00	31.0	7.6	37.1		22.4	21.5
2018-07-27 21:00:00	25.0	3.6	34.8		19.2	19.0
2018-07-27 22:00:00	20.0	4.8	27.9		16.4	15.5
2018-07-27 23:00:00	16.0	5.8	22.5		14.2	15.0
2018-07-28 00:00:00	10.0	6.2	19.8		13.0	13.0
2018-07-28 01:00:00	12.0	6.2	17.8		12.0	12.0
2018-07-28 02:00:00	12.0	7.1	16.1		11.6	12.0
2018-07-28 03:00:00	12.0	7.6	16.0		11.8	12.0
2018-07-28 04:00:00	12.0	7.8	16.7		12.2	12.0
2018-07-28 05:00:00	12.0	4.5	21.8		13.1	12.0
2018-07-28 06:00:00	12.0	2.2	27.3		14.7	13.0
2018-07-28 07:00:00	18.0	-4.1	39.4		17.7	16.0
2018-07-28 08:00:00	22.0	-18.0	68.3		25.2	19.0
2018-07-28 09:00:00	53.0	-20.8	85.9		32.6	22.5
2018-07-28 10:00:00	53.0	-17.1	97.8		40.4	41.0
2018-07-28 11:00:00	56.0	-13.7	94.5		40.4	36.5
2018-07-28 12:00:00	39.0	-12.9	94.4		40.8	33.0
2018-07-28 13:00:00	33.0	-11.7	91.5		39.9	32.0
2018-07-28 14:00:00	32.0	-13.7	96.3		41.3	32.5
2018-07-28 15:00:00	24.0	-9.8	92.5		41.4	32.5
2018-07-28 16:00:00	31.0	-8.6	86.1		38.7	32.0
2018-07-28 17:00:00	30.0	-9.5	74.4		32.5	27.8
2018-07-28 18:00:00	19.0	-1.0	55.3		27.2	25.0
2018-07-28 19:00:00	21.0	11.9	33.4		22.6	23.0
2018-07-28 20:00:00	20.0	9.0	34.4		21.7	22.0
2018-07-28 21:00:00	21.0	5.6	32.6		19.1	19.0
2018-07-28 22:00:00	16.0	5.5	28.6		17.1	16.5
2018-07-28 23:00:00	15.0	5.5	24.8		15.1	15.5
2018-07-29 00:00:00	15.0	4.8	23.2		14.0	15.0
2018-07-29 01:00:00	13.0	4.8	21.6		13.2	13.5
2018-07-29 02:00:00	11.0	5.9	20.0		12.9	13.0
2018-07-29 03:00:00	12.0	6.7	18.7		12.7	12.5
2018-07-29 04:00:00	13.0	7.4	18.4		12.9	12.0
2018-07-29 05:00:00	12.0	5.9	20.8		13.4	12.0
2018-07-29 06:00:00	11.0	2.3	27.9		15.1	13.5
2018-07-29 07:00:00	18.0	-1.9	37.8		18.0	16.5
2018-07-29 08:00:00	16.0	-13.2	64.2		25.5	21.0
2018-07-29 09:00:00	22.0	-15.9	82.5		33.3	25.5
2018-07-29 10:00:00	23.0	-11.7	93.1		40.7	45.5
2018-07-29 11:00:00	34.0	-11.4	92.5		40.5	42.0
2018-07-29 12:00:00	29.0	-11.0	93.3		41.2	33.5
2018-07-29 13:00:00	28.0	-10.3	91.2		40.5	32.5
2018-07-29 14:00:00	36.0	-12.8	96.8		42.0	32.0
2018-07-29 15:00:00	40.0	-9.9	92.2		41.2	32.0
2018-07-29 16:00:00	35.0	-8.2	85.7		38.7	31.0
2018-07-29 17:00:00	34.0	-7.6	73.2		32.8	29.3
2018-07-29 18:00:00	25.0	-2.5	58.8		28.1	24.5
2018-07-29 19:00:00	25.0	1.9	46.8		24.4	22.0
2018-07-29 20:00:00	24.0	2.0	44.3		23.2	21.5
2018-07-29 21:00:00	25.0	2.3	38.3		20.3	19.0
2018-07-29 22:00:00	19.0	4.6	31.1		17.9	16.2
2018-07-29 23:00:00	18.0	5.7	26.3		16.0	15.0
2018-07-30 00:00:00	13.0	5.4	24.8		15.1	15.0
2018-07-30 01:00:00	16.0	4.6	23.8		14.2	14.0
2018-07-30 02:00:00	14.0	4.6	23.0		13.8	13.0
2018-07-30 03:00:00	16.0	5.1	21.8		13.5	13.0
2018-07-30 04:00:00	12.0	6.1	21.9		14.0	13.5
2018-07-30 05:00:00	16.0	4.9	24.1		14.5	14.0
2018-07-30 06:00:00	19.0	0.8	32.5		16.7	15.5
2018-07-30 07:00:00	27.0	-2.7	43.2		20.3	18.2
2018-07-30 08:00:00	31.0	-12.6	69.4		28.4	24.5
2018-07-30 09:00:00	47.0	-14.4	89.0		37.3	33.5
2018-07-30 10:00:00	64.0	-8.5	98.5		45.0	50.3
2018-07-30 11:00:00	76.0	-5.3	97.7		46.2	49.4
2018-07-30 12:00:00	66.0	-6.3	104.2		48.9	49.9
2018-07-30 13:00:00	76.0	-6.2	107.8		50.8	51.9
2018-07-30 14:00:00	73.0	-3.1	111.1		54.0	55.0
2018-07-30 15:00:00	78.0	1.1	102.8		52.0	53.0
2018-07-30 16:00:00	71.0	2.4	90.8		46.6	47.0
2018-07-30 17:00:00	59.0	-3.6	79.0		37.7	34.5
2018-07-30 18:00:00	43.0	-0.9	63.2		31.1	26.5
2018-07-30 19:00:00	45.0	7.9	43.7	abnormal	25.8	24.0
2018-07-30 20:00:00	43.0	7.6	41.3	abnormal	24.5	24.0
2018-07-30 21:00:00	31.0	5.7	37.5		21.6	21.5
2018-07-30 22:00:00	26.0	7.1	30.4		18.7	18.0
2018-07-30 23:00:00	21.0	2.4	32.0		17.2	16.2
2018-07-31 00:00:00	21.0	-6.3	40.9		17.3	15.0
2018-07-31 01:00:00	19.0	-13.8	49.8		18.0	14.4
2018-07-31 02:00:00	20.0	-17.2	53.2		18.0	14.0
2018-07-31 03:00:00	21.0	-18.9	54.5		17.8	14.0
2018-07-31 04:00:00	18.0	-15.6	51.8		18.1	14.2
2018-07-31 05:00:00	19.0	-12.7	50.5		18.9	15.0
2018-07-31 06:00:00	23.0	-7.9	49.4		20.8	17.5
2018-07-31 07:00:00	32.0	-3.2	52.8		24.8	23.5
2018-07-31 08:00:00	37.0	-3.6	72.6		34.5	31.5
2018-07-31 09:00:00	58.0	7.8	83.3		45.5	47.5
2018-07-31 10:00:00	68.0	28.7	81.7		55.2	52.0
2018-07-31 11:00:00	72.0	29.8	83.2		56.5	56.5
2018-07-31 12:00:00	71.0	27.7	91.0		59.4	58.8
2018-07-31 13:00:00	85.0	27.2	97.0		62.1	64.0
2018-07-31 14:00:00	93.0	37.8	93.8		65.8	66.0
2018-07-31 15:00:00	76.0	30.0	96.2		63.1	60.0
2018-07-31 16:00:00	62.0	23.1	88.7		55.9	54.0
2018-07-31 17:00:00	53.0	3.3	84.5		43.9	43.5
2018-07-31 18:00:00	24.0	3.1	69.2		36.1	35.5
2018-07-31 19:00:00	31.0	5.6	51.7		28.7	25.0
2018-07-31 20:00:00	25.0	4.3	48.5		26.4	24.0
2018-07-31 21:00:00	24.0	3.1	41.3		22.2	21.0
2018-07-31 22:00:00	19.0	4.8	32.0		18.4	18.0
2018-07-31 23:00:00	17.0	0.3	32.7		16.5	15.5
2018-08-01 00:00:00	36.0	-6.0	37.1		15.5	14.0
2018-08-01 01:00:00	48.0	-10.9	42.7	abnormal	15.9	13.0
2018-08-01 02:00:00	52.0	-13.7	45.3	abnormal	15.8	12.7
2018-08-01 03:00:00	48.0	-16.8	48.7		16.0	12.7
2018-08-01 04:00:00	52.0	-11.4	43.6	abnormal	16.1	14.0
2018-08-01 05:00:00	44.0	-11.1	45.5		17.2	14.2
2018-08-01 06:00:00	44.0	-7.5	43.8	abnormal	18.1	15.0
2018-08-01 07:00:00	44.0	-6.2	50.8		22.3	18.3
2018-08-01 08:00:00	40.0	-9.5	75.2		32.8	31.2
2018-08-01 09:00:00	45.0	5.0	86.1		45.6	48.0
2018-08-01 10:00:00	43.0	31.2	80.9		56.0	56.5
2018-08-01 11:00:00	59.0	29.8	83.2		56.5	56.5
2018-08-01 12:00:00	55.0	26.9	92.3		59.6	59.0
2018-08-01 13:00:00	69.0	22.6	103.6		63.1	61.5
2018-08-01 14:00:00	79.0	35.4	99.6		67.5	64.0
2018-08-01 15:00:00	80.0	33.2	95.6		64.4	62.5
2018-08-01 16:00:00	51.0	27.5	87.4		57.5	56.5
2018-08-01 17:00:00	52.0	2.4	86.3		44.4	48.5
2018-08-01 18:00:00	43.0	1.5	68.3		34.9	31.0
2018-08-01 19:00:00	38.0	11.1	42.6		26.9	25.0
2018-08-01 20:00:00	37.0	9.8	39.1		24.4	24.0
2018-08-01 21:00:00	18.0	7.3	34.7		21.0	20.0
2018-08-01 22:00:00	20.0	6.5	27.9		17.2	18.0
2018-08-01 23:00:00	13.0	-1.6	31.8		15.1	14.5
2018-08-02 00:00:00	10.0	-10.7	40.5		14.9	13.0
2018-08-02 01:00:00	14.0	-19.0	49.6		15.3	12.0
2018-08-02 02:00:00	11.0	-21.5	52.9		15.7	11.0
2018-08-02 03:00:00	10.0	-22.7	54.4		15.9	11.0
2018-08-02 04:00:00	15.0	-19.1	51.6		16.3	12.5
2018-08-02 05:00:00	14.0	-15.2	50.5		17.6	14.0
2018-08-02 06:00:00	12.0	-9.8	47.4		18.8	15.5
2018-08-02 07:00:00	16.0	-6.6	52.8		23.1	20.0
2018-08-02 08:00:00	37.0	-8.2	72.7		32.3	30.7
2018-08-02 09:00:00	53.0	6.7	81.2		44.0	46.0
2018-08-02 10:00:00	67.0	30.1	75.8		53.0	52.5
2018-08-02 11:00:00	63.0	31.5	76.2		53.8	54.5
2018-08-02 12:00:00	59.0	29.1	85.0		57.0	57.5
2018-08-02 13:00:00	84.0	28.9	90.7		59.8	61.0
2018-08-02 14:00:00	85.0	42.9	87.8		65.3	63.5
2018-08-02 15:00:00	77.0	40.1	87.2		63.6	62.0
2018-08-02 16:00:00	63.0	29.7	85.1		57.4	57.5
2018-08-02 17:00:00	51.0	2.9	87.1		45.0	49.0
2018-08-02 18:00:00	21.0	2.6	68.9		35.7	31.5
2018-08-02 19:00:00	23.0	9.8	44.9		27.4	26.5
2018-08-02 20:00:00	19.0	8.1	41.4		24.8	24.0
2018-08-02 21:00:00	19.0	5.7	35.9		20.8	19.0
2018-08-02 22:00:00	13.0	6.1	28.1		17.1	18.0
2018-08-02 23:00:00	13.0	2.2	25.4		13.8	14.0
2018-08-03 00:00:00	3.0	5.1	20.1	abnormal	12.6	13.0
2018-08-03 01:00:00	11.0	2.6	20.8		11.7	12.0
2018-08-03 02:00:00	8.0	5.2	19.0		12.1	11.0
2018-08-03 03:00:00	10.0	4.8	19.2		12.0	11.5
2018-08-03 04:00:00	12.0	5.9	19.2		12.5	12.0
2018-08-03 05:00:00	15.0	5.8	21.3		13.5	13.0
2018-08-03 06:00:00	20.0	6.8	22.4		14.6	14.0
2018-08-03 07:00:00	19.0	-1.6	39.0		18.7	17.0
2018-08-03 08:00:00	26.0	-12.7	66.0		26.7	20.5
2018-08-03 09:00:00	35.0	-10.7	83.7		36.5	32.0
2018-08-03 10:00:00	45.0	-5.0	92.0		43.5	48.5
2018-08-03 11:00:00	47.0	-2.8	90.8		44.0	47.5
2018-08-03 12:00:00	48.0	-5.0	97.3		46.1	49.0
2018-08-03 13:00:00	53.0	-4.2	102.4		49.1	49.5
2018-08-03 14:00:00	65.0	3.3	104.8		54.0	59.5
2018-08-03 15:00:00	61.0	10.1	98.6		54.3	59.5
2018-08-03 16:00:00	60.0	11.0	89.5		50.2	51.5
2018-08-03 17:00:00	52.0	-2.2	82.9		40.3	35.5
2018-08-03 18:00:00	30.0	1.0	63.4		32.2	29.5
2018-08-03 19:00:00	32.0	13.5	36.7		25.1	25.0
2018-08-03 20:00:00	30.0	11.3	35.6		23.4	24.0
2018-08-03 21:00:00	26.0	7.6	33.2		20.4	19.0
2018-08-03 22:00:00	17.0	5.0	29.6		17.3	18.0
2018-08-03 23:00:00	14.0	2.1	25.3		13.7	13.0
2018-08-04 00:00:00	6.0	4.1	20.9		12.5	12.5
2018-08-04 01:00:00	14.0	2.6	20.2		11.4	11.0
2018-08-04 02:00:00	15.0	4.8	18.8		11.8	11.0
2018-08-04 03:00:00	13.0	4.6	19.1		11.9	11.0
2018-08-04 04:00:00	12.0	6.1	18.8		12.5	12.0
2018-08-04 05:00:00	12.0	5.8	20.9		13.3	13.0
2018-08-04 06:00:00	14.0	5.7	23.5		14.6	14.0
2018-08-04 07:00:00	15.0	1.2	33.8		17.5	17.0
2018-08-04 08:00:00	17.0	-7.6	52.2		22.3	19.0
2018-08-04 09:00:00	19.0	-10.2	65.8		27.8	22.0
2018-08-04 10:00:00	23.0	-10.1	74.0		32.0	24.0
2018-08-04 11:00:00	21.0	-6.4	72.8		33.2	25.0
2018-08-04 12:00:00	25.0	-6.2	76.5		35.2	28.0
2018-08-04 13:00:00	24.0	-4.5	81.2		38.3	34.0
2018-08-04 14:00:00	36.0	-1.7	86.4		42.3	36.0
2018-08-04 15:00:00	36.0	4.8	83.5		44.2	38.0
2018-08-04 16:00:00	32.0	6.7	77.6		42.2	39.0
2018-08-04 17:00:00	32.0	1.2	69.7		35.5	31.5
2018-08-04 18:00:00	26.0	6.3	52.8		29.5	27.0
2018-08-04 19:00:00	24.0	15.0	35.3		25.1	25.0
2018-08-04 20:00:00	29.0	13.5	34.1		23.8	24.0
2018-08-04 21:00:00	26.0	9.6	32.8		21.2	20.5
2018-08-04 22:00:00	19.0	5.8	30.5		18.2	18.0
2018-08-04 23:00:00	18.0	4.6	25.0		14.8	15.0
2018-08-05 00:00:00	10.0	5.8	21.4		13.6	14.0
2018-08-05 01:00:00	15.0	5.1	20.8		12.9	13.0
2018-08-05 02:00:00	13.0	6.7	20.0		13.3	14.0
2018-08-05 03:00:00	15.0	6.2	20.8		13.5	14.0
2018-08-05 04:00:00	14.0	6.0	22.1		14.1	14.0
2018-08-05 05:00:00	14.0	5.4	23.9		14.7	14.0
2018-08-05 06:00:00	15.0	3.2	28.4		15.8	14.5
2018-08-05 07:00:00	18.0	-4.9	42.8		19.0	17.0
2018-08-05 08:00:00	17.0	-17.1	67.3		25.1	19.5
2018-08-05 09:00:00	18.0	-27.0	92.3		32.6	22.0
2018-08-05 10:00:00	22.0	-31.8	109.2		38.7	24.0
2018-08-05 11:00:00	24.0	-29.8	109.9		40.0	25.0
2018-08-05 12:00:00	26.0	-30.4	114.8		42.2	28.0
2018-08-05 13:00:00	31.0	-30.3	120.9		45.3	34.0
2018-08-05 14:00:00	34.0	-26.6	126.6		50.0	36.0
2018-08-05 15:00:00	40.0	-21.2	124.3		51.6	37.0
2018-08-05 16:00:00	43.0	-14.7	110.3		47.8	38.0
2018-08-05 17:00:00	34.0	-16.3	96.2		40.0	32.5
2018-08-05 18:00:00	25.0	-0.7	65.1		32.2	27.0
2018-08-05 19:00:00	27.0	12.1	41.8		27.0	25.5
2018-08-05 20:00:00	24.0	11.7	39.7		25.7	24.5
2018-08-05 21:00:00	24.0	8.7	36.0		22.4	22.0
2018-08-05 22:00:00	20.0	6.1	31.3		18.7	18.5
2018-08-05 23:00:00	16.0	7.5	23.8		15.7	16.0
2018-08-06 00:00:00	12.0	8.9	20.1		14.5	14.5
2018-08-06 01:00:00	13.0	7.8	19.9		13.8	14.0
2018-08-06 02:00:00	12.0	7.9	19.3		13.6	14.0
2018-08-06 03:00:00	15.0	7.0	20.0		13.5	14.0
2018-08-06 04:00:00	17.0	6.5	22.4		14.5	15.0
2018-08-06 05:00:00	19.0	5.9	25.7		15.8	15.0
2018-08-06 06:00:00	20.0	5.0	29.4		17.2	17.0
2018-08-06 07:00:00	28.0	-4.8	47.4		21.3	18.0
2018-08-06 08:00:00	45.0	-17.9	77.1		29.6	22.0
2018-08-06 09:00:00	62.0	-20.7	102.4		40.9	37.0
2018-08-06 10:00:00	83.0	-19.0	119.8		50.4	59.5
2018-08-06 11:00:00	78.0	-16.8	122.8		53.0	63.0
2018-08-06 12:00:00	69.0	-19.2	134.0		57.4	64.0
2018-08-06 13:00:00	90.0	-16.6	135.0		59.2	64.5
2018-08-06 14:00:00	94.0	-11.3	139.1		63.9	72.0
2018-08-06 15:00:00	81.0	-6.2	133.3		63.6	71.0
2018-08-06 16:00:00	92.0	-2.3	116.7		57.2	61.0
2018-08-06 17:00:00	53.0	-15.6	108.6		46.5	37.5
2018-08-06 18:00:00	26.0	-3.1	76.2		36.5	32.0
2018-08-06 19:00:00	25.0	14.9	44.0		29.5	29.5
2018-08-06 20:00:00	31.0	12.0	42.9		27.5	26.0
2018-08-06 21:00:00	28.0	7.4	39.6		23.5	23.0
2018-08-06 22:00:00	17.0	6.0	32.4		19.2	19.0
2018-08-06 23:00:00	14.0	5.7	25.9		15.8	16.0
2018-08-07 00:00:00	14.0	7.3	21.1		14.2	14.0
2018-08-07 01:00:00	15.0	6.5	20.4		13.5	14.0
2018-08-07 02:00:00	14.0	6.8	19.5		13.2	13.5
2018-08-07 03:00:00	12.0	6.6	20.2		13.4	14.0
2018-08-07 04:00:00	15.0	6.7	22.8		14.7	15.0
2018-08-07 05:00:00	18.0	6.3	27.3		16.8	16.5
2018-08-07 06:00:00	25.0	7.3	29.1		18.2	18.0
2018-08-07 07:00:00	20.0	-1.2	49.3		24.0	22.5
2018-08-07 08:00:00	38.0	-11.4	82.5		35.5	31.5
2018-08-07 09:00:00	60.0	2.7	100.5		51.6	53.2
2018-08-07 10:00:00	68.0	30.7	99.1		64.9	62.5
2018-08-07 11:00:00	88.0	38.3	94.4		66.3	64.0
2018-08-07 12:00:00	71.0	32.9	108.5		70.7	67.0
2018-08-07 13:00:00	92.0	34.2	111.8		73.0	72.0
2018-08-07 14:00:00	87.0	50.3	107.2		78.7	77.5
2018-08-07 15:00:00	84.0	46.8	106.6		76.7	74.5
2018-08-07 16:00:00	73.0	30.1	106.5		68.3	69.0
2018-08-07 17:00:00	69.0	-7.4	111.6		52.1	53.0
2018-08-07 18:00:00	30.0	-0.9	79.1		39.1	33.5
2018-08-07 19:00:00	36.0	16.1	43.0		29.6	29.5
2018-08-07 20:00:00	39.0	14.2	41.4		27.8	27.6
2018-08-07 21:00:00	26.0	6.8	41.0		23.9	23.5
2018-08-07 22:00:00	24.0	5.2	33.2		19.2	19.0
2018-08-07 23:00:00	18.0	4.3	26.8		15.5	15.0
2018-08-08 00:00:00	10.0	5.9	21.8		13.9	14.0
2018-08-08 01:00:00	14.0	5.8	19.6		12.7	12.5
2018-08-08 02:00:00	12.0	6.1	18.6		12.4	12.5
2018-08-08 03:00:00	13.0	6.9	17.6		12.2	12.0
2018-08-08 04:00:00	15.0	5.9	21.1		13.5	13.0
2018-08-08 05:00:00	15.0	4.5	26.8		15.7	15.0
2018-08-08 06:00:00	26.0	8.4	24.8	abnormal	16.6	16.0
2018-08-08 07:00:00	22.0	-0.1	42.1		21.0	18.5
2018-08-08 08:00:00	31.0	-13.4	76.8		31.7	25.5
2018-08-08 09:00:00	48.0	-2.0	96.9		47.5	49.5
2018-08-08 10:00:00	61.0	28.1	93.7		60.9	61.3
2018-08-08 11:00:00	63.0	35.3	92.3		63.8	62.5
2018-08-08 12:00:00	63.0	31.1	102.0		66.5	64.5
2018-08-08 13:00:00	77.0	28.1	107.9		68.0	69.5
2018-08-08 14:00:00	85.0	40.3	104.0		72.2	71.5
2018-08-08 15:00:00	69.0	42.2	100.2		71.2	71.0
2018-08-08 16:00:00	69.0	31.4	96.1		63.7	64.3
2018-08-08 17:00:00	50.0	-6.2	104.1		49.0	50.5
2018-08-08 18:00:00	25.0	-1.3	74.6		36.7	30.0
2018-08-08 19:00:00	28.0	16.8	39.8		28.3	28.5
2018-08-08 20:00:00	29.0	14.9	40.0		27.4	27.0
2018-08-08 21:00:00	26.0	7.2	40.9		24.0	24.0
2018-08-08 22:00:00	15.0	4.5	34.6		19.5	20.5
2018-08-08 23:00:00	20.0	1.4	28.3		14.9	14.0
2018-08-09 00:00:00	11.0	4.0	20.9		12.5	12.0
2018-08-09 01:00:00	9.0	5.7	16.8		11.3	11.0
2018-08-09 02:00:00	12.0	6.3	16.0		11.1	11.0
2018-08-09 03:00:00	13.0	6.3	16.1		11.2	11.0
2018-08-09 04:00:00	12.0	5.4	19.8		12.6	13.0
2018-08-09 05:00:00	16.0	3.9	25.0		14.4	14.5
2018-08-09 06:00:00	19.0	7.2	25.4		16.3	16.0
2018-08-09 07:00:00	18.0	1.7	39.8		20.7	18.5
2018-08-09 08:00:00	22.0	-9.6	72.1		31.3	28.5
2018-08-09 09:00:00	49.0	-3.2	95.8		46.3	47.0
2018-08-09 10:00:00	66.0	28.4	86.7		57.5	58.2
2018-08-09 11:00:00	72.0	33.9	85.3		59.6	60.5
2018-08-09 12:00:00	66.0	30.3	92.7		61.5	60.0
2018-08-09 13:00:00	57.0	24.3	106.4		65.3	65.5
2018-08-09 14:00:00	84.0	36.9	102.5		69.7	68.5
2018-08-09 15:00:00	68.0	36.8	102.3		69.5	69.0
2018-08-09 16:00:00	71.0	29.7	94.5		62.1	62.9
2018-08-09 17:00:00	50.0	-5.2	100.9		47.8	51.0
2018-08-09 18:00:00	21.0	0.2	70.5		35.4	28.0
2018-08-09 19:00:00	27.0	17.4	36.1		26.8	27.1
2018-08-09 20:00:00	30.0	14.8	36.4		25.6	26.9
2018-08-09 21:00:00	27.0	6.9	38.4		22.6	22.5
2018-08-09 22:00:00	16.0	3.6	34.0		18.8	18.0
2018-08-09 23:00:00	13.0	2.7	27.2		14.9	15.0
2018-08-10 00:00:00	9.0	4.2	21.1		12.6	12.5
2018-08-10 01:00:00	9.0	4.7	17.9		11.3	11.0
2018-08-10 02:00:00	8.0	5.9	16.1		11.0	11.0
2018-08-10 03:00:00	10.0	5.9	15.7		10.8	11.0
2018-08-10 04:00:00	8.0	4.9	18.6		11.7	11.5
2018-08-10 05:00:00	13.0	3.3	22.1		12.7	12.0
2018-08-10 06:00:00	17.0	4.9	23.7		14.3	14.5
2018-08-10 07:00:00	17.0	-1.0	36.0		17.5	15.5
2018-08-10 08:00:00	24.0	-13.4	63.2		24.9	19.5
2018-08-10 09:00:00	46.0	-19.0	90.3		35.6	32.0
2018-08-10 10:00:00	73.0	-8.3	96.2		43.9	47.5
2018-08-10 11:00:00	54.0	-4.5	100.6		48.1	53.0
2018-08-10 12:00:00	52.0	-4.3	104.7		50.2	55.0
2018-08-10 13:00:00	79.0	-6.2	110.2		52.0	54.0
2018-08-10 14:00:00	66.0	-5.2	118.3		56.6	57.5
2018-08-10 15:00:00	81.0	-3.2	114.4		55.6	58.5
2018-08-10 16:00:00	64.0	-0.8	104.0		51.6	52.5
2018-08-10 17:00:00	52.0	-13.0	93.9		40.4	33.0
2018-08-10 18:00:00	27.0	-5.8	67.4		30.8	27.1
2018-08-10 19:00:00	21.0	8.7	39.9		24.3	26.2
2018-08-10 20:00:00	22.0	7.4	38.7		23.0	23.0
2018-08-10 21:00:00	16.0	3.2	38.2		20.7	19.5
2018-08-10 22:00:00	12.0	2.3	31.6		16.9	16.0
2018-08-10 23:00:00	11.0	2.4	24.4		13.4	13.0
2018-08-11 00:00:00	8.0	4.6	18.6		11.6	12.0
2018-08-11 01:00:00	8.0	4.3	16.8		10.5	10.5
2018-08-11 02:00:00	8.0	5.4	15.3		10.3	11.0
2018-08-11 03:00:00	8.0	5.5	14.9		10.2	11.0
2018-08-11 04:00:00	8.0	4.9	16.6		10.8	11.0
2018-08-11 05:00:00	8.0	3.6	19.4		11.5	11.0
2018-08-11 06:00:00	8.0	3.4	22.4		12.9	12.0
2018-08-11 07:00:00	12.0	-3.5	34.6		15.6	14.0
2018-08-11 08:00:00	12.0	-11.7	53.2		20.7	16.5
2018-08-11 09:00:00	14.0	-21.4	77.2		27.9	20.5
2018-08-11 10:00:00	19.0	-20.6	86.4		32.9	22.0
2018-08-11 11:00:00	17.0	-16.9	88.3		35.7	26.5
2018-08-11 12:00:00	23.0	-20.3	96.4		38.1	27.5
2018-08-11 13:00:00	23.0	-22.3	105.2		41.4	31.5
2018-08-11 14:00:00	24.0	-23.8	113.8		45.0	31.5
2018-08-11 15:00:00	27.0	-18.9	108.7		44.9	32.5
2018-08-11 16:00:00	19.0	-11.4	97.0		42.8	33.0
2018-08-11 17:00:00	28.0	-11.9	82.0		35.1	29.5
2018-08-11 18:00:00	15.0	-2.4	59.4		28.5	27.0
2018-08-11 19:00:00	17.0	8.9	37.0		22.9	22.5
2018-08-11 20:00:00	19.0	8.8	34.0		21.4	21.0
2018-08-11 21:00:00	16.0	5.9	32.3		19.1	19.0
2018-08-11 22:00:00	13.0	4.4	28.3		16.3	16.0
2018-08-11 23:00:00	11.0	4.6	22.7		13.6	14.0
2018-08-12 00:00:00	8.0	4.7	20.0		12.3	12.5
2018-08-12 01:00:00	8.0	3.4	19.7		11.5	12.0
2018-08-12 02:00:00	8.0	3.5	19.0		11.3	11.0
2018-08-12 03:00:00	8.0	4.2	17.8		11.0	11.0
2018-08-12 04:00:00	8.0	4.5	18.1		11.3	11.0
2018-08-12 05:00:00	8.0	3.2	20.5		11.8	11.5
2018-08-12 06:00:00	8.0	3.2	22.9		13.1	12.0
2018-08-12 07:00:00	12.0	-0.9	31.5		15.3	14.0
2018-08-12 08:00:00	13.0	-14.1	55.0		20.5	16.5
2018-08-12 09:00:00	15.0	-18.2	71.2		26.5	20.5
2018-08-12 10:00:00	16.0	-17.6	81.0		31.7	22.0
2018-08-12 11:00:00	17.0	-11.7	78.6		33.5	26.5
2018-08-12 12:00:00	22.0	-9.8	79.9		35.1	27.5
2018-08-12 13:00:00	21.0	-5.9	80.6		37.3	31.5
2018-08-12 14:00:00	32.0	-6.0	84.3		39.2	30.0
2018-08-12 15:00:00	25.0	-3.1	83.3		40.1	32.5
2018-08-12 16:00:00	33.0	-1.7	77.4		37.8	31.5
2018-08-12 17:00:00	36.0	-7.0	70.3		31.7	28.5
2018-08-12 18:00:00	17.0	0.6	52.7		26.7	26.0
2018-08-12 19:00:00	28.0	8.6	34.1		21.4	21.0
2018-08-12 20:00:00	23.0	9.0	32.3		20.7	20.5
2018-08-12 21:00:00	20.0	8.5	28.3		18.4	18.0
2018-08-12 22:00:00	21.0	5.4	26.0		15.7	15.0
2018-08-12 23:00:00	14.0	5.0	21.8		13.4	13.0
2018-08-13 00:00:00	11.0	5.6	18.9		12.3	12.5
2018-08-13 01:00:00	9.0	4.8	18.9		11.9	12.0
2018-08-13 02:00:00	9.0	4.7	18.8		11.8	12.0
2018-08-13 03:00:00	10.0	5.0	17.9		11.5	12.0
2018-08-13 04:00:00	9.0	5.5	18.3		11.9	12.0
2018-08-13 05:00:00	13.0	3.5	21.9		12.7	12.0
2018-08-13 06:00:00	18.0	2.3	26.0		14.2	13.0
2018-08-13 07:00:00	20.0	-3.5	39.0		17.8	16.0
2018-08-13 08:00:00	29.0	-17.5	67.4		25.0	19.0
2018-08-13 09:00:00	51.0	-19.3	84.6		32.7	27.3
2018-08-13 10:00:00	56.0	-17.3	94.5		38.6	35.5
2018-08-13 11:00:00	57.0	-14.5	92.3		38.9	40.0
2018-08-13 12:00:00	46.0	-16.8	99.1		41.2	42.0
2018-08-13 13:00:00	57.0	-16.9	103.3		43.2	45.0
2018-08-13 14:00:00	63.0	-17.1	109.8		46.3	51.5
2018-08-13 15:00:00	62.0	-12.4	104.9		46.2	47.0
2018-08-13 16:00:00	68.0	-7.6	91.9		42.1	37.5
2018-08-13 17:00:00	56.0	-10.0	78.7		34.3	29.5
2018-08-13 18:00:00	19.0	0.5	56.7		28.6	26.5
2018-08-13 19:00:00	32.0	9.4	36.9		23.2	23.0
2018-08-13 20:00:00	23.0	8.4	37.4		22.9	22.5
2018-08-13 21:00:00	22.0	6.5	33.2		19.8	19.5
2018-08-13 22:00:00	17.0	4.0	29.9		17.0	16.5
2018-08-13 23:00:00	10.0	5.7	22.6		14.2	13.5
2018-08-14 00:00:00	12.0	5.8	19.6		12.7	13.0
2018-08-14 01:00:00	12.0	5.5	18.5		12.0	12.0
2018-08-14 02:00:00	11.0	4.8	18.6		11.7	11.5
2018-08-14 03:00:00	12.0	5.0	17.6		11.3	11.0
2018-08-14 04:00:00	10.0	5.4	18.4		11.9	12.0
2018-08-14 05:00:00	13.0	4.8	21.5		13.1	13.0
2018-08-14 06:00:00	19.0	4.4	25.5		14.9	14.0
2018-08-14 07:00:00	26.0	-2.7	41.8		19.5	18.0
2018-08-14 08:00:00	38.0	-13.6	71.2		28.8	25.0
2018-08-14 09:00:00	53.0	-6.6	86.0		39.7	36.5
2018-08-14 10:00:00	57.0	3.2	92.3		47.8	52.0
2018-08-14 11:00:00	56.0	4.7	91.8		48.3	47.5
2018-08-14 12:00:00	52.0	2.1	98.9		50.5	54.5
2018-08-14 13:00:00	76.0	2.8	102.6		52.7	55.0
2018-08-14 14:00:00	60.0	4.5	110.2		57.3	57.5
2018-08-14 15:00:00	61.0	3.5	108.7		56.1	57.0
2018-08-14 16:00:00	61.0	0.9	98.8		49.9	48.0
2018-08-14 17:00:00	39.0	-13.6	91.9		39.1	35.0
2018-08-14 18:00:00	26.0	-4.2	64.8		30.3	28.5
2018-08-14 19:00:00	27.0	5.5	41.8		23.7	23.9
2018-08-14 20:00:00	27.0	6.5	39.3		22.9	23.0
2018-08-14 21:00:00	26.0	6.4	32.8		19.6	18.0
2018-08-14 22:00:00	17.0	3.2	30.1		16.6	17.0
2018-08-14 23:00:00	19.0	3.9	22.9		13.4	13.0
2018-08-15 00:00:00	9.0	5.6	18.7		12.1	12.0
2018-08-15 01:00:00	10.0	6.6	16.5		11.6	12.0
2018-08-15 02:00:00	8.0	6.4	16.5		11.5	11.0
2018-08-15 03:00:00	8.0	6.1	16.6		11.3	11.0
2018-08-15 04:00:00	9.0	5.9	17.9		11.9	12.0
2018-08-15 05:00:00	9.0	6.3	20.1		13.2	13.0
2018-08-15 06:00:00	12.0	4.9	24.7		14.8	14.0
2018-08-15 07:00:00	12.0	-3.3	42.7		19.7	17.0
2018-08-15 08:00:00	17.0	-11.4	69.6		29.1	25.0
2018-08-15 09:00:00	31.0	-5.4	86.3		40.4	38.5
2018-08-15 10:00:00	30.0	6.2	92.3		49.3	53.0
2018-08-15 11:00:00	30.0	8.0	93.1		50.6	53.5
2018-08-15 12:00:00	37.0	3.3	102.4		52.8	54.0
2018-08-15 13:00:00	33.0	3.8	107.6		55.7	56.0
2018-08-15 14:00:00	47.0	4.8	112.7		58.8	57.5
2018-08-15 15:00:00	42.0	5.1	108.6		56.9	57.5
2018-08-15 16:00:00	32.0	3.4	97.6		50.5	49.0
2018-08-15 17:00:00	44.0	-11.8	88.3		38.3	35.5
2018-08-15 18:00:00	12.0	0.4	60.2		30.3	26.2
2018-08-15 19:00:00	21.0	7.2	40.3		23.7	24.5
2018-08-15 20:00:00	17.0	7.3	38.3		22.8	23.9
2018-08-15 21:00:00	18.0	5.5	33.4		19.4	18.5
2018-08-15 22:00:00	20.0	4.2	28.0		16.1	16.0
2018-08-15 23:00:00	10.0	4.3	22.8		13.6	13.0
2018-08-16 00:00:00	9.0	5.0	18.8		11.9	11.5
2018-08-16 01:00:00	12.0	5.6	16.5		11.0	11.0
2018-08-16 02:00:00	12.0	5.1	16.7		10.9	11.0
2018-08-16 03:00:00	10.0	4.9	17.4		11.1	11.0
2018-08-16 04:00:00	11.0	4.8	18.9		11.9	12.0
2018-08-16 05:00:00	13.0	5.3	21.2		13.3	13.0
2018-08-16 06:00:00	17.0	6.4	23.5		15.0	15.0
2018-08-16 07:00:00	18.0	-2.5	41.8		19.7	17.0
2018-08-16 08:00:00	24.0	-11.9	70.8		29.5	23.0
2018-08-16 09:00:00	49.0	-3.0	83.7		40.3	39.0
2018-08-16 10:00:00	59.0	11.8	86.6		49.2	48.5
2018-08-16 11:00:00	53.0	14.3	87.1		50.7	48.5
2018-08-16 12:00:00	49.0	12.5	94.6		53.5	53.0
2018-08-16 13:00:00	57.0	13.2	98.4		55.8	53.5
2018-08-16 14:00:00	57.0	18.3	100.2		59.2	54.0
2018-08-16 15:00:00	52.0	16.5	98.4		57.5	53.5
2018-08-16 16:00:00	49.0	10.8	91.4		51.1	50.0
2018-08-16 17:00:00	41.0	-9.5	88.6		39.5	39.5
2018-08-16 18:00:00	25.0	-3.6	64.6		30.5	29.2
2018-08-16 19:00:00	25.0	3.3	43.6		23.4	22.0
2018-08-16 20:00:00	20.0	5.9	38.2		22.1	21.0
2018-08-16 21:00:00	19.0	5.1	32.8		18.9	18.0
2018-08-16 22:00:00	14.0	4.4	27.9		16.1	16.0
2018-08-16 23:00:00	15.0	2.8	24.2		13.5	13.0
2018-08-17 00:00:00	9.0	4.9	19.3		12.1	12.0
2018-08-17 01:00:00	9.0	5.4	17.5		11.5	12.0
2018-08-17 02:00:00	8.0	5.6	17.4		11.5	12.0
2018-08-17 03:00:00	9.0	5.2	18.1		11.7	12.2
2018-08-17 04:00:00	9.0	5.6	19.1		12.4	13.0
2018-08-17 05:00:00	11.0	5.2	21.4		13.3	13.0
2018-08-17 06:00:00	15.0	5.3	23.7		14.5	14.5
2018-08-17 07:00:00	17.0	-2.5	38.1		17.8	16.8
2018-08-17 08:00:00	22.0	-15.8	66.6		25.4	19.3
2018-08-17 09:00:00	40.0	-17.0	84.2		33.6	29.0
2018-08-17 10:00:00	39.0	-12.7	94.4		40.8	42.0
2018-08-17 11:00:00	42.0	-11.0	94.7		41.8	45.0
2018-08-17 12:00:00	37.0	-12.2	101.2		44.5	48.0
2018-08-17 13:00:00	47.0	-13.5	104.4		45.5	48.0
2018-08-17 14:00:00	47.0	-11.8	108.2		48.2	52.5
2018-08-17 15:00:00	49.0	-8.2	101.5		46.7	50.5
2018-08-17 16:00:00	39.0	-4.9	90.6		42.9	43.0
2018-08-17 17:00:00	32.0	-10.4	79.1		34.4	28.0
2018-08-17 18:00:00	16.0	-2.2	56.9		27.3	24.5
2018-08-17 19:00:00	18.0	3.3	40.7		22.0	21.5
2018-08-17 20:00:00	16.0	4.2	36.6		20.4	19.0
2018-08-17 21:00:00	19.0	2.9	32.2		17.6	16.0
2018-08-17 22:00:00	10.0	4.6	26.0		15.3	14.5
2018-08-17 23:00:00	11.0	3.5	22.6		13.1	13.0
2018-08-18 00:00:00	9.0	4.6	19.1		11.9	12.0
2018-08-18 01:00:00	9.0	5.1	16.9		11.0	11.0
2018-08-18 02:00:00	8.0	5.5	16.3		10.9	11.0
2018-08-18 03:00:00	8.0	4.9	16.9		10.9	11.0
2018-08-18 04:00:00	8.0	4.5	18.2		11.4	12.0
2018-08-18 05:00:00	9.0	3.4	20.5		11.9	12.0
2018-08-18 06:00:00	9.0	3.1	22.9		13.0	12.0
2018-08-18 07:00:00	12.0	-3.2	33.7		15.3	13.0
2018-08-18 08:00:00	12.0	-16.2	56.9		20.4	16.8
2018-08-18 09:00:00	15.0	-20.8	71.6		25.4	19.5
2018-08-18 10:00:00	15.0	-21.8	80.8		29.5	21.6
2018-08-18 11:00:00	15.0	-20.0	80.7		30.3	22.7
2018-08-18 12:00:00	15.0	-21.2	86.4		32.6	25.3
2018-08-18 13:00:00	19.0	-22.8	90.8		34.0	27.7
2018-08-18 14:00:00	22.0	-23.4	96.3		36.4	28.5
2018-08-18 15:00:00	24.0	-20.8	93.0		36.1	28.0
2018-08-18 16:00:00	25.0	-15.1	83.9		34.4	28.0
2018-08-18 17:00:00	20.0	-12.6	70.4		28.9	26.0
2018-08-18 18:00:00	16.0	-4.0	52.3		24.1	20.7
2018-08-18 19:00:00	15.0	0.5	40.1		20.3	17.5
2018-08-18 20:00:00	16.0	2.5	35.7		19.1	17.2
2018-08-18 21:00:00	13.0	2.7	31.8		17.2	16.0
2018-08-18 22:00:00	12.0	3.0	27.5		15.2	14.5
2018-08-18 23:00:00	9.0	3.2	23.6		13.4	12.0
2018-08-19 00:00:00	8.0	3.7	20.6		12.2	11.5
2018-08-19 01:00:00	9.0	3.9	19.0		11.5	11.0
2018-08-19 02:00:00	9.0	4.2	18.4		11.3	11.0
2018-08-19 03:00:00	8.0	4.2	18.1		11.2	11.0
2018-08-19 04:00:00	8.0	4.0	18.8		11.4	12.0
2018-08-19 05:00:00	8.0	4.1	19.3		11.7	12.0
2018-08-19 06:00:00	8.0	5.7	19.0		12.4	12.0
2018-08-19 07:00:00	12.0	0.8	27.6		14.2	13.0
2018-08-19 08:00:00	11.0	-10.4	48.2		18.9	15.5
2018-08-19 09:00:00	12.0	-17.3	66.3		24.5	19.5
2018-08-19 10:00:00	11.0	-19.3	77.5		29.1	21.6
2018-08-19 11:00:00	14.0	-17.9	76.7		29.4	22.7
2018-08-19 12:00:00	15.0	-16.5	78.9		31.2	25.3
2018-08-19 13:00:00	16.0	-16.6	81.5		32.5	27.7
2018-08-19 14:00:00	17.0	-16.5	87.3		35.4	28.5
2018-08-19 15:00:00	15.0	-13.2	83.7		35.2	28.0
2018-08-19 16:00:00	19.0	-7.5	74.1		33.3	28.0
2018-08-19 17:00:00	20.0	-5.9	62.6		28.3	26.0
2018-08-19 18:00:00	15.0	1.6	46.8		24.2	23.0
2018-08-19 19:00:00	17.0	5.1	36.2		20.7	20.8
2018-08-19 20:00:00	14.0	5.7	32.9		19.3	18.0
2018-08-19 21:00:00	12.0	5.8	28.4		17.1	16.0
2018-08-19 22:00:00	12.0	5.3	24.2		14.8	14.5
2018-08-19 23:00:00	13.0	5.2	20.5		12.8	12.0
2018-08-20 00:00:00	11.0	4.4	18.9		11.7	11.0
2018-08-20 01:00:00	9.0	4.4	18.0		11.2	11.0
2018-08-20 02:00:00	11.0	4.5	17.4		10.9	11.0
2018-08-20 03:00:00	11.0	4.5	16.9		10.7	10.5
2018-08-20 04:00:00	8.0	4.5	18.0		11.2	11.0
2018-08-20 05:00:00	12.0	3.9	19.2		11.6	11.5
2018-08-20 06:00:00	14.0	5.7	19.6		12.7	13.0
2018-08-20 07:00:00	16.0	0.1	30.7		15.4	14.0
2018-08-20 08:00:00	21.0	-14.9	60.3		22.7	17.0
2018-08-20 09:00:00	35.0	-19.1	81.5		31.2	25.5
2018-08-20 10:00:00	41.0	-16.9	93.2		38.1	39.5
2018-08-20 11:00:00	40.0	-17.1	93.8		38.3	37.5
2018-08-20 12:00:00	36.0	-13.3	93.2		40.0	39.5
2018-08-20 13:00:00	51.0	-11.7	93.2		40.8	42.5
2018-08-20 14:00:00	46.0	-8.8	97.1		44.1	48.5
2018-08-20 15:00:00	45.0	-8.0	94.2		43.1	46.5
2018-08-20 16:00:00	43.0	-5.3	83.3		39.0	37.5
2018-08-20 17:00:00	37.0	-7.3	70.7		31.7	29.5
2018-08-20 18:00:00	25.0	0.4	50.7		25.5	23.5
2018-08-20 19:00:00	26.0	6.2	35.5		20.9	21.0
2018-08-20 20:00:00	21.0	6.9	32.2		19.6	19.9
2018-08-20 21:00:00	20.0	5.8	28.5		17.1	16.0
2018-08-20 22:00:00	16.0	4.6	25.0		14.8	14.0
2018-08-20 23:00:00	12.0	5.1	20.3		12.7	12.0
2018-08-21 00:00:00	11.0	4.3	18.7		11.5	11.0
2018-08-21 01:00:00	11.0	3.7	18.2		11.0	11.0
2018-08-21 02:00:00	11.0	4.0	17.6		10.8	10.4
2018-08-21 03:00:00	11.0	4.4	16.8		10.6	10.0
2018-08-21 04:00:00	8.0	4.9	18.2		11.6	11.0
2018-08-21 05:00:00	11.0	5.4	19.4		12.4	12.5
2018-08-21 06:00:00	14.0	8.9	18.7		13.8	14.0
2018-08-21 07:00:00	16.0	2.1	32.0		17.1	15.1
2018-08-21 08:00:00	19.0	-12.1	66.2		27.0	22.5
2018-08-21 09:00:00	38.0	-5.4	83.3		39.0	40.5
2018-08-21 10:00:00	34.0	16.8	80.6		48.7	47.8
2018-08-21 11:00:00	39.0	15.1	82.0		48.5	47.0
2018-08-21 12:00:00	34.0	17.6	82.8		50.2	49.0
2018-08-21 13:00:00	48.0	13.3	92.1		52.7	50.6
2018-08-21 14:00:00	47.0	21.2	94.4		57.8	53.0
2018-08-21 15:00:00	40.0	19.4	93.9		56.6	53.0
2018-08-21 16:00:00	38.0	11.2	87.4		49.3	45.5
2018-08-21 17:00:00	30.0	-0.9	77.5		38.3	37.5
2018-08-21 18:00:00	17.0	5.7	52.8		29.2	27.5
2018-08-21 19:00:00	15.0	10.9	36.1		23.5	23.0
2018-08-21 20:00:00	15.0	9.4	33.4		21.4	20.5
2018-08-21 21:00:00	16.0	7.0	29.7		18.4	18.5
2018-08-21 22:00:00	11.0	5.9	25.3		15.6	16.0
2018-08-21 23:00:00	11.0	4.8	21.6		13.2	13.0
2018-08-22 00:00:00	8.0	5.9	18.0		11.9	11.8
2018-08-22 01:00:00	8.0	5.7	16.5		11.1	11.0
2018-08-22 02:00:00	8.0	5.8	16.0		10.9	11.0
2018-08-22 03:00:00	8.0	6.1	15.0		10.6	10.4
2018-08-22 04:00:00	10.0	5.5	17.4		11.5	11.0
2018-08-22 05:00:00	14.0	6.3	17.9		12.1	12.0
2018-08-22 06:00:00	15.0	8.8	18.8		13.8	14.0
2018-08-22 07:00:00	16.0	1.7	32.5		17.1	15.1
2018-08-22 08:00:00	20.0	-13.9	68.9		27.5	23.5
2018-08-22 09:00:00	40.0	-7.8	87.5		39.9	39.5
2018-08-22 10:00:00	41.0	15.6	83.2		49.4	49.5
2018-08-22 11:00:00	42.0	15.3	83.4		49.4	47.5
2018-08-22 12:00:00	39.0	17.4	82.4		49.9	48.5
2018-08-22 13:00:00	42.0	14.7	90.5		52.6	50.5
2018-08-22 14:00:00	44.0	21.0	93.5		57.3	59.3
2018-08-22 15:00:00	45.0	16.9	94.8		55.9	56.5
2018-08-22 16:00:00	40.0	10.3	88.1		49.2	46.5
2018-08-22 17:00:00	37.0	-4.4	79.0		37.3	37.5
2018-08-22 18:00:00	23.0	0.8	55.5		28.2	26.0
2018-08-22 19:00:00	19.0	8.3	35.3		21.8	23.0
2018-08-22 20:00:00	18.0	7.7	32.9		20.3	20.0
2018-08-22 21:00:00	18.0	6.4	29.0		17.7	18.0
2018-08-22 22:00:00	19.0	4.5	25.4		14.9	15.0
2018-08-22 23:00:00	15.0	3.5	21.7		12.6	11.9
2018-08-23 00:00:00	15.0	4.5	18.0		11.3	11.0
2018-08-23 01:00:00	12.0	4.4	17.0		10.7	10.9
2018-08-23 02:00:00	12.0	4.6	16.6		10.6	10.0
2018-08-23 03:00:00	13.0	5.3	15.2		10.3	10.0
2018-08-23 04:00:00	12.0	4.0	19.3		11.6	11.1
2018-08-23 05:00:00	13.0	5.5	19.9		12.7	12.5
2018-08-23 06:00:00	14.0	9.1	20.0		14.6	14.5
2018-08-23 07:00:00	16.0	3.6	30.7		17.1	16.0
2018-08-23 08:00:00	17.0	-12.3	64.9		26.3	21.0
2018-08-23 09:00:00	32.0	-8.7	83.5		37.4	34.0
2018-08-23 10:00:00	42.0	11.6	79.8		45.7	47.5
2018-08-23 11:00:00	38.0	13.1	78.2		45.7	44.6
2018-08-23 12:00:00	33.0	12.1	80.7		46.4	44.6
2018-08-23 13:00:00	40.0	6.4	91.9		49.2	44.6
2018-08-23 14:00:00	41.0	9.9	98.2		54.0	57.0
2018-08-23 15:00:00	42.0	8.4	97.8		53.1	56.5
2018-08-23 16:00:00	31.0	4.5	90.4		47.4	43.5
2018-08-23 17:00:00	37.0	-9.7	80.9		35.6	34.0
2018-08-23 18:00:00	15.0	-4.1	58.0		26.9	24.5
2018-08-23 19:00:00	15.0	4.2	36.2		20.2	21.5
2018-08-23 20:00:00	13.0	4.8	33.4		19.1	19.0
2018-08-23 21:00:00	15.0	4.4	29.3		16.8	18.0
2018-08-23 22:00:00	12.0	4.4	25.6		15.0	15.0
2018-08-23 23:00:00	10.0	4.3	22.1		13.2	12.6
2018-08-24 00:00:00	8.0	5.1	19.5		12.3	12.0
2018-08-24 01:00:00	8.0	4.9	18.3		11.6	11.2
2018-08-24 02:00:00	8.0	5.1	17.6		11.4	11.2
2018-08-24 03:00:00	8.0	5.4	16.4		10.9	11.0
2018-08-24 04:00:00	8.0	4.2	19.1		11.7	11.5
2018-08-24 05:00:00	14.0	4.0	20.0		12.0	12.0
2018-08-24 06:00:00	14.0	5.3	21.7		13.5	13.5
2018-08-24 07:00:00	16.0	1.9	29.1		15.5	15.0
2018-08-24 08:00:00	16.0	-14.2	58.2		22.0	16.5
2018-08-24 09:00:00	28.0	-20.6	79.3		29.3	24.0
2018-08-24 10:00:00	33.0	-16.8	87.4		35.3	34.0
2018-08-24 11:00:00	33.0	-16.0	86.3		35.2	34.0
2018-08-24 12:00:00	23.0	-14.1	85.1		35.5	35.5
2018-08-24 13:00:00	28.0	-14.6	87.5		36.5	40.0
2018-08-24 14:00:00	41.0	-14.4	92.2		38.9	40.5
2018-08-24 15:00:00	27.0	-10.3	89.3		39.5	40.5
2018-08-24 16:00:00	31.0	-10.7	83.1		36.2	34.0
2018-08-24 17:00:00	24.0	-15.5	72.5		28.5	24.0
2018-08-24 18:00:00	12.0	-8.9	53.1		22.1	18.0
2018-08-24 19:00:00	14.0	3.4	30.2		16.8	15.0
2018-08-24 20:00:00	13.0	4.7	28.0		16.3	15.0
2018-08-24 21:00:00	12.0	4.8	24.6		14.7	14.0
2018-08-24 22:00:00	11.0	4.5	21.7		13.1	12.0
2018-08-24 23:00:00	11.0	4.8	18.3		11.6	11.0
2018-08-25 00:00:00	10.0	4.1	17.4		10.8	10.0
2018-08-25 01:00:00	10.0	3.8	17.0		10.4	10.0
2018-08-25 02:00:00	9.0	4.5	16.3		10.4	10.0
2018-08-25 03:00:00	9.0	5.2	15.5		10.4	10.7
2018-08-25 04:00:00	8.0	3.9	18.0		11.0	11.0
2018-08-25 05:00:00	8.0	3.4	19.3		11.3	11.4
2018-08-25 06:00:00	8.0	4.1	20.6		12.3	12.0
2018-08-25 07:00:00	12.0	3.8	23.2		13.5	13.0
2018-08-25 08:00:00	12.0	-5.6	39.5		17.0	15.1
2018-08-25 09:00:00	13.0	-10.2	51.4		20.6	16.0
2018-08-25 10:00:00	15.0	-12.0	59.4		23.7	17.5
2018-08-25 11:00:00	16.0	-11.8	59.3		23.7	17.5
2018-08-25 12:00:00	15.0	-12.7	61.1		24.2	18.0
2018-08-25 13:00:00	15.0	-14.3	64.6		25.1	18.5
2018-08-25 14:00:00	17.0	-14.4	68.0		26.8	20.0
2018-08-25 15:00:00	20.0	-12.6	67.3		27.4	21.5
2018-08-25 16:00:00	22.0	-10.6	62.3		25.8	21.0
2018-08-25 17:00:00	23.0	-11.4	54.4		21.5	19.0
2018-08-25 18:00:00	12.0	-4.1	40.2		18.0	16.0
2018-08-25 19:00:00	13.0	6.3	24.0		15.2	14.5
2018-08-25 20:00:00	13.0	6.4	23.4		14.9	14.5
2018-08-25 21:00:00	12.0	5.1	22.0		13.6	13.0
2018-08-25 22:00:00	11.0	4.6	20.5		12.5	12.0
2018-08-25 23:00:00	10.0	4.6	18.6		11.6	11.0
2018-08-26 00:00:00	9.0	4.2	18.2		11.2	10.0
2018-08-26 01:00:00	8.0	4.5	17.0		10.8	10.0
2018-08-26 02:00:00	8.0	5.2	16.2		10.7	10.2
2018-08-26 03:00:00	11.0	5.4	15.5		10.5	10.0
2018-08-26 04:00:00	8.0	5.6	15.5		10.5	10.0
2018-08-26 05:00:00	8.0	4.7	16.2		10.5	10.5
2018-08-26 06:00:00	8.0	5.2	17.0		11.1	11.5
2018-08-26 07:00:00	13.0	4.1	20.8		12.4	12.0
2018-08-26 08:00:00	12.0	2.0	28.5		15.2	13.5
2018-08-26 09:00:00	13.0	2.1	33.4		17.7	16.0
2018-08-26 10:00:00	13.0	1.9	37.8		19.9	17.5
2018-08-26 11:00:00	15.0	2.4	37.6		20.0	17.5
2018-08-26 12:00:00	15.0	-0.6	42.9		21.2	18.0
2018-08-26 13:00:00	16.0	-3.6	48.1		22.2	18.5
2018-08-26 14:00:00	15.0	-2.8	51.5		24.3	20.0
2018-08-26 15:00:00	17.0	-0.2	49.1		24.5	21.5
2018-08-26 16:00:00	19.0	2.6	43.4		23.0	22.0
2018-08-26 17:00:00	19.0	0.8	37.9		19.4	19.0
2018-08-26 18:00:00	13.0	4.6	29.6		17.1	16.0
2018-08-26 19:00:00	12.0	8.1	22.6		15.4	15.0
2018-08-26 20:00:00	12.0	7.9	22.4		15.1	15.0
2018-08-26 21:00:00	12.0	5.6	21.2		13.4	13.5
2018-08-26 22:00:00	9.0	5.6	18.6		12.1	11.0
2018-08-26 23:00:00	10.0	5.5	16.3		10.9	10.5
2018-08-27 00:00:00	10.0	5.3	15.4		10.3	10.0
2018-08-27 01:00:00	11.0	5.6	13.9		9.8	10.0
2018-08-27 02:00:00	9.0	5.8	14.2		10.0	10.0
2018-08-27 03:00:00	9.0	5.7	14.4		10.0	10.0
2018-08-27 04:00:00	9.0	5.6	15.1		10.3	10.5
2018-08-27 05:00:00	8.0	5.1	15.7		10.4	10.0
2018-08-27 06:00:00	8.0	5.7	16.7		11.2	11.7
2018-08-27 07:00:00	12.0	4.1	21.8		12.9	12.5
2018-08-27 08:00:00	13.0	-0.5	34.4		17.0	15.6
2018-08-27 09:00:00	20.0	1.0	40.8		20.9	18.6
2018-08-27 10:00:00	21.0	2.6	46.1		24.4	26.5
2018-08-27 11:00:00	26.0	2.6	46.1		24.4	26.0
2018-08-27 12:00:00	23.0	0.4	52.1		26.2	27.0
2018-08-27 13:00:00	27.0	-1.0	55.2		27.1	28.0
2018-08-27 14:00:00	29.0	0.5	57.4		29.0	30.0
2018-08-27 15:00:00	30.0	1.8	54.0		27.9	29.0
2018-08-27 16:00:00	24.0	3.4	48.4		25.9	28.0
2018-08-27 17:00:00	23.0	0.4	42.2		21.3	19.5
2018-08-27 18:00:00	14.0	4.0	32.4		18.2	17.0
2018-08-27 19:00:00	18.0	8.7	22.3		15.5	15.5
2018-08-27 20:00:00	15.0	7.8	22.4		15.1	15.0
2018-08-27 21:00:00	13.0	5.1	21.6		13.3	14.0
2018-08-27 22:00:00	9.0	4.8	19.3		12.1	12.0
2018-08-27 23:00:00	11.0	4.7	17.0		10.9	11.0
2018-08-28 00:00:00	9.0	5.4	16.0		10.7	11.0
2018-08-28 01:00:00	8.0	5.8	14.8		10.3	10.0
2018-08-28 02:00:00	8.0	6.0	14.3		10.2	10.0
2018-08-28 03:00:00	8.0	5.9	14.2		10.0	10.0
2018-08-28 04:00:00	8.0	6.0	15.0		10.5	11.0
2018-08-28 05:00:00	9.0	5.8	15.8		10.8	11.0
2018-08-28 06:00:00	10.0	6.4	17.0		11.7	12.0
2018-08-28 07:00:00	13.0	4.7	22.7		13.7	13.0
2018-08-28 08:00:00	18.0	0.6	36.4		18.5	17.5
2018-08-28 09:00:00	34.0	6.5	40.1		23.3	24.5
2018-08-28 10:00:00	34.0	15.3	40.6		28.0	28.0
2018-08-28 11:00:00	30.0	17.2	39.9		28.6	28.0
2018-08-28 12:00:00	28.0	15.2	45.4		30.3	29.5
2018-08-28 13:00:00	34.0	15.0	47.8		31.4	30.0
2018-08-28 14:00:00	34.0	19.7	47.3		33.5	32.5
2018-08-28 15:00:00	33.0	19.2	45.4		32.3	31.5
2018-08-28 16:00:00	29.0	13.7	44.4		29.0	28.0
2018-08-28 17:00:00	28.0	3.1	43.0		23.1	23.5
2018-08-28 18:00:00	17.0	4.5	32.8		18.6	16.5
2018-08-28 19:00:00	16.0	10.5	20.6		15.6	15.0
2018-08-28 20:00:00	15.0	9.3	21.2		15.3	15.0
2018-08-28 21:00:00	12.0	5.6	22.3		14.0	14.0
2018-08-28 22:00:00	8.0	5.6	19.6		12.6	12.0
2018-08-28 23:00:00	8.0	5.7	16.6		11.1	11.0
2018-08-29 00:00:00	8.0	6.6	14.6		10.6	11.0
2018-08-29 01:00:00	9.0	6.2	14.0		10.1	10.0
2018-08-29 02:00:00	8.0	6.3	13.6		10.0	10.0
2018-08-29 03:00:00	8.0	6.4	13.2		9.8	10.0
2018-08-29 04:00:00	9.0	5.8	14.7		10.2	11.0
2018-08-29 05:00:00	12.0	6.1	14.8		10.5	11.0
2018-08-29 06:00:00	11.0	6.8	16.1		11.5	12.0
2018-08-29 07:00:00	15.0	2.3	25.1		13.7	12.0
2018-08-29 08:00:00	17.0	-5.2	44.4		19.6	17.5
2018-08-29 09:00:00	25.0	-1.0	53.6		26.3	25.8
2018-08-29 10:00:00	30.0	4.5	57.2		30.9	29.0
2018-08-29 11:00:00	29.0	7.1	55.0		31.0	29.0
2018-08-29 12:00:00	27.0	6.5	57.3		31.9	30.0
2018-08-29 13:00:00	32.0	9.4	56.6		33.0	31.0
2018-08-29 14:00:00	33.0	10.3	59.9		35.1	32.0
2018-08-29 15:00:00	33.0	9.3	59.3		34.3	32.0
2018-08-29 16:00:00	28.0	6.2	56.0		31.1	29.0
2018-08-29 17:00:00	24.0	-2.2	52.0		24.9	28.0
2018-08-29 18:00:00	15.0	2.4	36.3		19.3	17.0
2018-08-29 19:00:00	15.0	10.2	21.2		15.7	15.0
2018-08-29 20:00:00	15.0	9.1	21.2		15.1	15.0
2018-08-29 21:00:00	16.0	6.0	22.0		14.0	14.0
2018-08-29 22:00:00	12.0	5.1	20.4		12.8	12.0
2018-08-29 23:00:00	11.0	5.4	17.6		11.5	12.0
2018-08-30 00:00:00	11.0	6.5	15.2		10.9	11.0
2018-08-30 01:00:00	9.0	6.9	14.4		10.7	11.0
2018-08-30 02:00:00	10.0	6.6	14.0		10.3	10.7
2018-08-30 03:00:00	9.0	6.9	13.4		10.2	10.2
2018-08-30 04:00:00	9.0	6.0	15.2		10.6	11.0
2018-08-30 05:00:00	8.0	6.7	15.5		11.1	11.0
2018-08-30 06:00:00	8.0	7.8	16.1		12.0	12.0
2018-08-30 07:00:00	12.0	2.1	26.3		14.2	13.0
2018-08-30 08:00:00	15.0	-5.1	45.1		20.0	18.0
2018-08-30 09:00:00	25.0	-0.8	54.4		26.8	26.6
2018-08-30 10:00:00	33.0	4.1	58.6		31.3	29.0
2018-08-30 11:00:00	17.0	9.5	55.6		32.5	30.0
2018-08-30 12:00:00	0.0	6.8	58.2	abnormal	32.5	31.0
2018-08-30 13:00:00	0.0	8.9	59.5	abnormal	34.2	32.0
2018-08-30 14:00:00	0.0	8.7	65.1	abnormal	36.9	33.0
2018-08-30 15:00:00	0.0	7.5	66.2	abnormal	36.9	32.0
2018-08-30 16:00:00	0.0	3.6	62.6	abnormal	33.1	31.0
2018-08-30 17:00:00	0.0	-4.6	56.7	abnormal	26.0	25.0
2018-08-30 18:00:00	0.0	2.3	36.9	abnormal	19.6	17.0
2018-08-30 19:00:00	0.0	9.2	22.4	abnormal	15.8	15.0
2018-08-30 20:00:00	0.0	7.7	22.5	abnormal	15.1	15.0
2018-08-30 21:00:00	0.0	6.0	22.2	abnormal	14.1	14.0
2018-08-30 22:00:00	0.0	6.3	19.7	abnormal	13.0	12.0
2018-08-30 23:00:00	0.0	6.8	16.8	abnormal	11.8	11.0
2018-08-31 00:00:00	0.0	7.7	14.4	abnormal	11.0	11.0
2018-08-31 01:00:00	0.0	7.6	13.6	abnormal	10.6	10.0
2018-08-31 02:00:00	0.0	7.2	13.3	abnormal	10.2	10.0
2018-08-31 03:00:00	0.0	7.4	12.7	abnormal	10.0	10.0
2018-08-31 04:00:00	0.0	6.0	14.8	abnormal	10.4	10.0
2018-08-31 05:00:00	0.0	5.9	15.6	abnormal	10.7	11.0
2018-08-31 06:00:00	0.0	6.5	16.0	abnormal	11.2	11.0
2018-08-31 07:00:00	0.0	0.8	26.2	abnormal	13.5	12.0
2018-08-31 08:00:00	0.0	-8.1	45.5	abnormal	18.7	16.0
2018-08-31 09:00:00	0.0	-6.5	56.5	abnormal	25.0	25.0
2018-08-31 10:00:00	0.0	-6.4	64.2	abnormal	28.9	27.0
2018-08-31 11:00:00	0.0	-4.3	63.1	abnormal	29.4	30.0
2018-08-31 12:00:00	0.0	-4.7	65.2	abnormal	30.2	31.0
2018-08-31 13:00:00	0.0	-3.0	67.3	abnormal	32.2	31.5
2018-08-31 14:00:00	0.0	-4.6	74.2	abnormal	34.8	32.5
2018-08-31 15:00:00	0.0	-5.1	75.2	abnormal	35.1	32.0
2018-08-31 16:00:00	0.0	-6.2	69.4	abnormal	31.6	30.0
2018-08-31 17:00:00	0.0	-9.6	59.7	abnormal	25.1	21.0
2018-08-31 18:00:00	0.0	-0.2	38.0	abnormal	18.9	17.0
2018-08-31 19:00:00	0.0	7.8	21.8	abnormal	14.8	15.0
2018-08-31 20:00:00	0.0	7.3	20.5	abnormal	13.9	14.0
2018-08-31 21:00:00	0.0	7.9	17.9	abnormal	12.9	13.0
2018-08-31 22:00:00	0.0	6.9	17.3	abnormal	12.1	12.0
2018-08-31 23:00:00	0.0	6.9	15.5	abnormal	11.2	11.5
