dateTime	initialValue	lowerLim	upperLim	check	meanSubst	medianSubst
2018-07-01 00:00:00	55.0	13.1	120.5		66.8	59.4
2018-07-01 01:00:00	50.0	7.3	127.9		67.6	65.9
2018-07-01 02:00:00	40.0	2.1	135.8		69.0	74.5
2018-07-01 03:00:00	40.0	-1.5	137.2		67.8	75.0
2018-07-01 04:00:00	40.0	-2.1	135.4		66.7	62.5
2018-07-01 05:00:00	40.0	-4.4	136.0		65.8	51.5
2018-07-01 06:00:00	40.0	-2.6	136.6		67.0	57.5
2018-07-01 07:00:00	40.0	-4.5	145.3		70.4	68.5
2018-07-01 08:00:00	40.0	-6.8	162.8		78.0	76.5
2018-07-01 09:00:00	40.0	-9.8	183.7		87.0	86.9
2018-07-01 10:00:00	41.0	-8.6	196.6		94.0	93.8
2018-07-01 11:00:00	41.0	-8.3	201.1		96.4	96.5
2018-07-01 12:00:00	42.0	-4.7	202.5		98.9	99.5
2018-07-01 13:00:00	41.0	0.9	203.7		102.3	101.2
2018-07-01 14:00:00	45.0	-3.0	218.8		107.9	105.0
2018-07-01 15:00:00	44.0	-4.9	225.8		110.4	105.5
2018-07-01 16:00:00	45.0	-6.5	225.8		109.6	103.5
2018-07-01 17:00:00	47.0	3.0	201.3		102.1	98.0
2018-07-01 18:00:00	46.0	17.3	174.6		96.0	94.0
2018-07-01 19:00:00	48.0	30.0	149.3		89.6	89.5
2018-07-01 20:00:00	47.0	26.4	145.1		85.8	87.2
2018-07-01 21:00:00	47.0	22.4	133.0		77.7	81.8
2018-07-01 22:00:00	48.0	21.8	120.9		71.3	76.0
2018-07-01 23:00:00	47.0	25.0	108.7		66.8	61.0
2018-07-02 00:00:00	73.0	14.7	117.2		65.9	59.4
2018-07-02 01:00:00	116.0	12.3	115.4	abnormal	63.8	56.6
2018-07-02 02:00:00	116.0	2.9	124.7		63.8	53.0
2018-07-02 03:00:00	114.0	0.0	125.7		62.8	53.0
2018-07-02 04:00:00	116.0	1.3	124.3		62.8	53.5
2018-07-02 05:00:00	116.0	0.9	125.9		63.4	55.5
2018-07-02 06:00:00	116.0	2.6	127.6		65.1	57.0
2018-07-02 07:00:00	114.0	-0.2	143.7		71.8	74.5
2018-07-02 08:00:00	116.0	-8.6	175.8		83.6	83.4
2018-07-02 09:00:00	107.0	-9.6	203.4		96.9	108.0
2018-07-02 10:00:00	115.0	-11.6	222.0		105.2	115.7
2018-07-02 11:00:00	116.0	-11.8	225.6		106.9	113.0
2018-07-02 12:00:00	116.0	-9.3	231.2		110.9	118.5
2018-07-02 13:00:00	140.0	-3.8	233.7		115.0	122.0
2018-07-02 14:00:00	147.0	-1.4	245.9		122.3	132.5
2018-07-02 15:00:00	153.0	0.6	248.1		124.4	136.5
2018-07-02 16:00:00	146.0	0.3	243.8		122.1	128.1
2018-07-02 17:00:00	131.0	4.8	219.0		111.9	110.8
2018-07-02 18:00:00	89.0	19.4	190.0		104.7	107.6
2018-07-02 19:00:00	93.0	32.8	160.9		96.8	101.0
2018-07-02 20:00:00	90.0	27.7	158.0		92.9	95.5
2018-07-02 21:00:00	84.0	18.2	145.7		81.9	87.0
2018-07-02 22:00:00	62.0	17.3	128.1		72.7	72.0
2018-07-02 23:00:00	60.0	24.0	108.9		66.5	62.5
2018-07-03 00:00:00	56.0	15.8	118.3		67.0	60.5
2018-07-03 01:00:00	50.0	11.0	126.2		68.6	59.9
2018-07-03 02:00:00	48.0	4.3	132.8		68.5	57.6
2018-07-03 03:00:00	46.0	2.0	132.3		67.2	56.0
2018-07-03 04:00:00	46.0	2.9	131.4		67.1	57.0
2018-07-03 05:00:00	46.0	4.3	132.7		68.5	57.0
2018-07-03 06:00:00	46.0	10.2	133.5		71.8	63.0
2018-07-03 07:00:00	56.0	15.3	148.0		81.6	83.5
2018-07-03 08:00:00	89.0	20.8	177.5		99.2	106.0
2018-07-03 09:00:00	121.0	49.3	190.1		119.7	115.7
2018-07-03 10:00:00	125.0	73.2	196.1		134.7	130.0
2018-07-03 11:00:00	127.0	73.0	200.8		136.9	131.9
2018-07-03 12:00:00	111.0	78.9	203.2		141.0	137.0
2018-07-03 13:00:00	138.0	80.6	207.5		144.1	147.0
2018-07-03 14:00:00	151.0	93.8	211.5		152.7	150.5
2018-07-03 15:00:00	148.0	96.5	212.3		154.4	152.0
2018-07-03 16:00:00	141.0	87.3	211.2		149.2	147.0
2018-07-03 17:00:00	128.0	55.5	208.7		132.1	129.6
2018-07-03 18:00:00	109.0	57.0	178.1		117.6	116.0
2018-07-03 19:00:00	108.0	66.8	144.5		105.6	102.0
2018-07-03 20:00:00	106.0	49.4	149.1		99.3	98.0
2018-07-03 21:00:00	94.0	28.0	144.7		86.4	87.0
2018-07-03 22:00:00	63.0	25.1	124.6		74.9	72.0
2018-07-03 23:00:00	63.0	25.3	107.6		66.5	61.5
2018-07-04 00:00:00	61.0	21.0	106.9		63.9	58.0
2018-07-04 01:00:00	57.0	20.5	104.9		62.7	55.7
2018-07-04 02:00:00	58.0	19.9	101.9		60.9	53.0
2018-07-04 03:00:00	53.0	19.2	99.8		59.5	53.0
2018-07-04 04:00:00	49.0	19.7	98.7		59.2	53.5
2018-07-04 05:00:00	57.0	19.8	100.9		60.4	56.0
2018-07-04 06:00:00	57.0	21.3	106.5		63.9	57.0
2018-07-04 07:00:00	63.0	17.6	131.9		74.8	79.1
2018-07-04 08:00:00	101.0	13.2	177.8		95.5	92.0
2018-07-04 09:00:00	125.0	47.6	190.3		118.9	120.0
2018-07-04 10:00:00	144.0	81.6	189.0		135.3	130.7
2018-07-04 11:00:00	155.0	74.4	194.5		134.5	131.9
2018-07-04 12:00:00	132.0	74.3	203.7		139.0	136.5
2018-07-04 13:00:00	159.0	74.5	208.5		141.5	136.5
2018-07-04 14:00:00	167.0	90.3	208.3		149.3	147.5
2018-07-04 15:00:00	166.0	91.8	206.0		148.9	147.5
2018-07-04 16:00:00	156.0	85.6	199.1		142.4	141.6
2018-07-04 17:00:00	137.0	60.7	195.9		128.3	126.0
2018-07-04 18:00:00	98.0	66.4	166.9		116.7	113.2
2018-07-04 19:00:00	102.0	70.1	143.0		106.6	104.0
2018-07-04 20:00:00	100.0	52.2	149.3		100.7	99.9
2018-07-04 21:00:00	86.0	30.2	145.7		87.9	88.5
2018-07-04 22:00:00	58.0	27.5	124.5		76.0	76.6
2018-07-04 23:00:00	59.0	26.4	107.2		66.8	63.0
2018-07-05 00:00:00	50.0	22.9	105.0		64.0	59.2
2018-07-05 01:00:00	51.0	20.4	103.6		62.0	57.0
2018-07-05 02:00:00	53.0	19.9	101.0		60.5	54.0
2018-07-05 03:00:00	50.0	17.3	100.1		58.7	52.5
2018-07-05 04:00:00	49.0	16.9	100.1		58.5	51.5
2018-07-05 05:00:00	51.0	16.0	103.9		60.0	53.5
2018-07-05 06:00:00	51.0	19.7	109.5		64.6	57.5
2018-07-05 07:00:00	61.0	14.9	137.7		76.3	81.5
2018-07-05 08:00:00	93.0	13.1	181.4		97.2	96.5
2018-07-05 09:00:00	130.0	44.0	199.1		121.5	124.5
2018-07-05 10:00:00	140.0	83.2	195.9		139.6	136.5
2018-07-05 11:00:00	139.0	81.6	200.5		141.0	136.5
2018-07-05 12:00:00	108.0	84.3	206.2		145.3	138.0
2018-07-05 13:00:00	137.0	76.9	216.2		146.6	139.0
2018-07-05 14:00:00	134.0	96.3	210.6		153.4	147.0
2018-07-05 15:00:00	123.0	100.0	203.3		151.7	147.0
2018-07-05 16:00:00	141.0	90.2	198.3		144.3	144.1
2018-07-05 17:00:00	126.0	56.7	201.0		128.8	127.0
2018-07-05 18:00:00	98.0	54.8	178.4		116.6	115.7
2018-07-05 19:00:00	99.0	61.1	148.3		104.7	101.5
2018-07-05 20:00:00	93.0	44.3	153.0		98.7	99.5
2018-07-05 21:00:00	82.0	27.4	144.7		86.1	86.5
2018-07-05 22:00:00	63.0	25.2	123.1		74.1	73.1
2018-07-05 23:00:00	60.0	23.0	108.3		65.6	61.2
2018-07-06 00:00:00	45.0	20.6	104.8		62.7	57.5
2018-07-06 01:00:00	48.0	17.5	103.8		60.7	54.0
2018-07-06 02:00:00	47.0	17.2	102.5		59.8	52.0
2018-07-06 03:00:00	52.0	14.9	102.9		58.9	50.0
2018-07-06 04:00:00	42.0	15.8	102.3		59.0	50.5
2018-07-06 05:00:00	48.0	13.0	105.7		59.3	51.0
2018-07-06 06:00:00	49.0	14.0	110.1		62.1	53.5
2018-07-06 07:00:00	58.0	8.3	134.6		71.4	72.5
2018-07-06 08:00:00	87.0	1.3	174.9		88.1	85.0
2018-07-06 09:00:00	109.0	14.0	199.0		106.5	103.5
2018-07-06 10:00:00	137.0	25.5	211.3		118.4	127.5
2018-07-06 11:00:00	145.0	27.8	211.0		119.4	122.5
2018-07-06 12:00:00	113.0	27.3	220.6		123.9	130.5
2018-07-06 13:00:00	136.0	26.7	224.4		125.5	130.5
2018-07-06 14:00:00	146.0	33.9	224.2		129.1	134.5
2018-07-06 15:00:00	147.0	41.4	212.6		127.0	131.5
2018-07-06 16:00:00	136.0	45.3	201.6		123.5	126.5
2018-07-06 17:00:00	127.0	33.4	192.2		112.8	113.0
2018-07-06 18:00:00	83.0	34.3	175.9		105.1	101.5
2018-07-06 19:00:00	84.0	42.2	149.0		95.6	95.5
2018-07-06 20:00:00	79.0	36.0	148.0		92.0	93.0
2018-07-06 21:00:00	65.0	29.3	136.9		83.1	81.0
2018-07-06 22:00:00	57.0	22.9	124.0		73.5	70.5
2018-07-06 23:00:00	53.0	20.9	110.7		65.8	62.5
2018-07-07 00:00:00	47.0	17.9	107.6		62.8	59.0
2018-07-07 01:00:00	49.0	15.6	106.8		61.2	54.5
2018-07-07 02:00:00	50.0	15.4	105.6		60.5	51.0
2018-07-07 03:00:00	48.0	14.6	104.7		59.7	51.0
2018-07-07 04:00:00	47.0	15.7	103.5		59.6	52.0
2018-07-07 05:00:00	46.0	14.0	105.3		59.7	52.0
2018-07-07 06:00:00	45.0	14.6	108.4		61.5	52.5
2018-07-07 07:00:00	48.0	7.5	129.6		68.5	63.5
2018-07-07 08:00:00	55.0	-1.7	164.9		81.6	81.0
2018-07-07 09:00:00	58.0	1.2	188.4		94.8	89.5
2018-07-07 10:00:00	65.0	-3.9	207.0		101.5	98.5
2018-07-07 11:00:00	69.0	-6.5	211.0		102.3	93.0
2018-07-07 12:00:00	69.0	-6.5	217.8		105.7	98.0
2018-07-07 13:00:00	72.0	4.4	220.0		112.2	114.0
2018-07-07 14:00:00	77.0	16.8	221.4		119.1	118.5
2018-07-07 15:00:00	87.0	27.6	213.2		120.4	119.5
2018-07-07 16:00:00	85.0	31.1	205.6		118.4	112.5
2018-07-07 17:00:00	83.0	26.8	189.9		108.4	104.5
2018-07-07 18:00:00	63.0	32.6	170.0		101.3	100.0
2018-07-07 19:00:00	74.0	43.5	141.7		92.6	93.0
2018-07-07 20:00:00	79.0	38.7	139.0		88.9	90.5
2018-07-07 21:00:00	73.0	32.1	129.4		80.7	80.5
2018-07-07 22:00:00	59.0	24.8	120.1		72.5	71.5
2018-07-07 23:00:00	62.0	20.0	111.4		65.7	62.0
2018-07-08 00:00:00	46.0	18.7	109.4		64.1	62.0
2018-07-08 01:00:00	49.0	16.9	109.8		63.3	59.5
2018-07-08 02:00:00	48.0	16.4	108.5		62.4	54.0
2018-07-08 03:00:00	50.0	16.2	106.2		61.2	51.5
2018-07-08 04:00:00	53.0	16.4	104.0		60.2	51.5
2018-07-08 05:00:00	51.0	16.3	104.3		60.3	52.0
2018-07-08 06:00:00	48.0	16.0	106.1		61.0	52.5
2018-07-08 07:00:00	46.0	12.5	123.0		67.7	60.5
2018-07-08 08:00:00	47.0	-1.8	165.2		81.7	81.0
2018-07-08 09:00:00	52.0	-1.0	192.9		96.0	91.0
2018-07-08 10:00:00	53.0	-8.3	216.7		104.2	98.5
2018-07-08 11:00:00	54.0	-12.4	223.0		105.3	93.0
2018-07-08 12:00:00	56.0	-11.3	228.9		108.8	98.0
2018-07-08 13:00:00	72.0	-0.7	230.5		114.9	116.0
2018-07-08 14:00:00	83.0	7.5	236.7		122.1	118.5
2018-07-08 15:00:00	83.0	18.0	231.3		124.7	119.5
2018-07-08 16:00:00	86.0	22.8	219.7		121.2	112.5
2018-07-08 17:00:00	81.0	25.2	196.1		110.7	105.0
2018-07-08 18:00:00	76.0	35.0	168.7		101.8	102.5
2018-07-08 19:00:00	80.0	42.0	147.1		94.5	94.0
2018-07-08 20:00:00	81.0	39.6	143.2		91.4	90.5
2018-07-08 21:00:00	72.0	31.9	134.9		83.4	86.5
2018-07-08 22:00:00	57.0	26.6	123.1		74.9	72.5
2018-07-08 23:00:00	55.0	27.0	108.0		67.5	62.0
2018-07-09 00:00:00	46.0	26.4	104.9		65.7	62.0
2018-07-09 01:00:00	51.0	23.6	105.4		64.5	61.0
2018-07-09 02:00:00	49.0	22.3	104.2		63.2	56.5
2018-07-09 03:00:00	49.0	20.1	102.3		61.2	54.0
2018-07-09 04:00:00	50.0	18.8	101.3		60.0	51.5
2018-07-09 05:00:00	45.0	20.6	100.9		60.8	52.0
2018-07-09 06:00:00	52.0	21.1	104.7		62.9	58.0
2018-07-09 07:00:00	54.0	16.5	127.3		71.9	76.0
2018-07-09 08:00:00	86.0	-1.6	180.2		89.3	86.0
2018-07-09 09:00:00	110.0	3.5	214.0		108.8	107.5
2018-07-09 10:00:00	131.0	3.9	235.6		119.8	125.5
2018-07-09 11:00:00	146.0	-2.4	239.6		118.6	122.0
2018-07-09 12:00:00	117.0	-0.3	243.5		121.6	125.5
2018-07-09 13:00:00	128.0	17.0	239.9		128.4	130.5
2018-07-09 14:00:00	138.0	36.3	240.2		138.3	135.5
2018-07-09 15:00:00	134.0	49.0	232.1		140.5	140.5
2018-07-09 16:00:00	125.0	48.6	222.3		135.5	139.5
2018-07-09 17:00:00	118.0	41.7	202.6		122.1	119.5
2018-07-09 18:00:00	87.0	53.2	171.9		112.6	113.0
2018-07-09 19:00:00	86.0	60.6	146.6		103.6	102.5
2018-07-09 20:00:00	88.0	53.7	144.5		99.1	96.3
2018-07-09 21:00:00	80.0	38.7	138.5		88.6	88.0
2018-07-09 22:00:00	61.0	28.7	126.9		77.8	80.5
2018-07-09 23:00:00	62.0	27.8	108.7		68.2	64.0
2018-07-10 00:00:00	54.0	27.2	103.1		65.1	60.5
2018-07-10 01:00:00	55.0	25.9	102.1		64.0	59.5
2018-07-10 02:00:00	55.0	25.9	99.2		62.5	57.5
2018-07-10 03:00:00	51.0	25.2	96.2		60.7	56.5
2018-07-10 04:00:00	51.0	23.4	96.2		59.8	53.5
2018-07-10 05:00:00	50.0	23.1	99.0		61.0	54.5
2018-07-10 06:00:00	52.0	23.0	106.4		64.7	60.8
2018-07-10 07:00:00	64.0	15.4	137.9		76.6	79.5
2018-07-10 08:00:00	87.0	9.2	189.0		99.1	94.5
2018-07-10 09:00:00	109.0	39.0	213.9		126.4	126.5
2018-07-10 10:00:00	126.0	78.6	211.8		145.2	144.0
2018-07-10 11:00:00	119.0	79.4	214.0		146.7	144.0
2018-07-10 12:00:00	101.0	82.6	216.1		149.4	150.5
2018-07-10 13:00:00	126.0	81.2	221.3		151.3	151.5
2018-07-10 14:00:00	136.0	100.5	218.7		159.6	162.5
2018-07-10 15:00:00	128.0	100.3	216.1		158.2	161.5
2018-07-10 16:00:00	120.0	89.7	211.8		150.8	148.0
2018-07-10 17:00:00	118.0	54.7	211.0		132.8	131.5
2018-07-10 18:00:00	92.0	55.4	182.6		119.0	118.5
2018-07-10 19:00:00	96.0	58.9	155.2		107.1	108.0
2018-07-10 20:00:00	92.0	53.2	152.8		103.0	98.5
2018-07-10 21:00:00	90.0	33.1	148.9		91.0	88.5
2018-07-10 22:00:00	66.0	23.4	133.8		78.6	81.0
2018-07-10 23:00:00	55.0	28.1	108.2		68.1	64.0
2018-07-11 00:00:00	47.0	29.6	100.3		64.9	60.0
2018-07-11 01:00:00	59.0	28.7	98.2		63.4	59.0
2018-07-11 02:00:00	58.0	30.5	94.3		62.4	59.5
2018-07-11 03:00:00	60.0	29.1	92.6		60.9	58.5
2018-07-11 04:00:00	59.0	27.6	93.7		60.6	60.0
2018-07-11 05:00:00	63.0	26.8	97.4		62.1	59.5
2018-07-11 06:00:00	55.0	27.7	106.7		67.2	65.0
2018-07-11 07:00:00	59.0	20.5	138.5		79.5	78.0
2018-07-11 08:00:00	97.0	17.4	181.7		99.5	95.5
2018-07-11 09:00:00	124.0	41.7	206.4		124.0	122.0
2018-07-11 10:00:00	142.0	76.4	204.2		140.3	139.5
2018-07-11 11:00:00	152.0	76.0	203.6		139.8	141.5
2018-07-11 12:00:00	119.0	77.9	207.3		142.6	142.5
2018-07-11 13:00:00	153.0	78.3	212.0		145.1	146.5
2018-07-11 14:00:00	146.0	101.0	210.0		155.5	155.0
2018-07-11 15:00:00	157.0	96.9	211.8		154.3	150.5
2018-07-11 16:00:00	146.0	84.5	210.9		147.7	147.0
2018-07-11 17:00:00	129.0	53.1	210.5		131.8	129.5
2018-07-11 18:00:00	85.0	55.8	182.1		119.0	119.0
2018-07-11 19:00:00	89.0	60.7	153.0		106.9	102.5
2018-07-11 20:00:00	89.0	56.3	147.9		102.1	96.8
2018-07-11 21:00:00	81.0	36.5	145.5		91.0	89.5
2018-07-11 22:00:00	55.0	27.9	130.9		79.4	82.8
2018-07-11 23:00:00	58.0	25.6	111.4		68.5	68.0
2018-07-12 00:00:00	55.0	27.2	103.0		65.1	60.0
2018-07-12 01:00:00	55.0	29.9	98.6		64.2	61.0
2018-07-12 02:00:00	50.0	34.0	93.9		64.0	61.5
2018-07-12 03:00:00	50.0	33.6	92.0		62.8	61.5
2018-07-12 04:00:00	49.0	33.0	93.0		63.0	61.5
2018-07-12 05:00:00	51.0	31.4	97.8		64.6	63.0
2018-07-12 06:00:00	55.0	30.6	106.9		68.8	65.5
2018-07-12 07:00:00	71.0	18.6	143.1		80.9	82.0
2018-07-12 08:00:00	98.0	17.6	184.6		101.1	100.5
2018-07-12 09:00:00	110.0	43.4	211.4		127.4	123.0
2018-07-12 10:00:00	122.0	77.6	212.8		145.2	142.0
2018-07-12 11:00:00	124.0	83.3	210.2		146.8	144.5
2018-07-12 12:00:00	103.0	91.3	209.6		150.5	151.5
2018-07-12 13:00:00	130.0	89.0	213.5		151.3	151.0
2018-07-12 14:00:00	147.0	111.2	207.6		159.4	157.0
2018-07-12 15:00:00	132.0	110.0	204.8		157.4	157.0
2018-07-12 16:00:00	129.0	93.1	207.9		150.5	151.0
2018-07-12 17:00:00	124.0	49.7	215.2		132.5	132.5
2018-07-12 18:00:00	92.0	45.4	188.7		117.0	117.4
2018-07-12 19:00:00	90.0	53.9	153.8		103.8	99.5
2018-07-12 20:00:00	90.0	51.5	147.8		99.6	96.5
2018-07-12 21:00:00	83.0	31.1	147.0		89.0	89.0
2018-07-12 22:00:00	57.0	21.5	134.9		78.2	82.0
2018-07-12 23:00:00	58.0	19.4	115.4		67.4	61.0
2018-07-13 00:00:00	53.0	19.7	109.2		64.4	58.0
2018-07-13 01:00:00	63.0	22.0	105.1		63.5	58.0
2018-07-13 02:00:00	63.0	25.5	102.5		64.0	61.0
2018-07-13 03:00:00	62.0	24.7	102.1		63.4	60.5
2018-07-13 04:00:00	60.0	24.0	102.4		63.2	60.5
2018-07-13 05:00:00	59.0	24.2	103.9		64.1	62.0
2018-07-13 06:00:00	54.0	26.6	108.8		67.7	65.5
2018-07-13 07:00:00	66.0	17.5	134.8		76.2	75.0
2018-07-13 08:00:00	104.0	8.7	169.9		89.3	85.5
2018-07-13 09:00:00	122.0	5.7	209.0		107.3	107.0
2018-07-13 10:00:00	153.0	12.8	225.5		119.2	122.0
2018-07-13 11:00:00	153.0	16.1	227.5		121.8	126.5
2018-07-13 12:00:00	128.0	14.1	235.2		124.7	129.0
2018-07-13 13:00:00	154.0	20.4	232.9		126.6	129.0
2018-07-13 14:00:00	146.0	30.8	236.2		133.5	146.5
2018-07-13 15:00:00	154.0	42.3	222.8		132.6	139.5
2018-07-13 16:00:00	144.0	36.8	217.0		126.9	130.5
2018-07-13 17:00:00	132.0	21.2	206.3		113.7	113.0
2018-07-13 18:00:00	82.0	23.8	183.1		103.4	102.9
2018-07-13 19:00:00	83.0	32.2	155.3		93.7	96.7
2018-07-13 20:00:00	86.0	33.8	147.4		90.6	90.0
2018-07-13 21:00:00	85.0	26.4	139.3		82.8	86.0
2018-07-13 22:00:00	58.0	20.3	130.9		75.6	77.0
2018-07-13 23:00:00	53.0	14.7	118.6		66.7	59.5
2018-07-14 00:00:00	47.0	14.4	113.5		64.0	57.0
2018-07-14 01:00:00	53.0	18.0	108.2		63.1	58.0
2018-07-14 02:00:00	54.0	24.0	104.5		64.2	61.0
2018-07-14 03:00:00	55.0	23.6	103.3		63.4	60.0
2018-07-14 04:00:00	53.0	23.4	103.0		63.2	59.0
2018-07-14 05:00:00	52.0	24.0	102.9		63.5	58.5
2018-07-14 06:00:00	52.0	26.5	104.2		65.4	61.5
2018-07-14 07:00:00	60.0	15.7	123.4		69.5	64.1
2018-07-14 08:00:00	61.0	-1.2	157.2		78.0	75.0
2018-07-14 09:00:00	74.0	-20.5	199.1		89.3	78.0
2018-07-14 10:00:00	74.0	-26.3	223.5		98.6	86.0
2018-07-14 11:00:00	82.0	-23.1	225.9		101.4	91.5
2018-07-14 12:00:00	71.0	-17.6	227.9		105.2	100.5
2018-07-14 13:00:00	73.0	-3.2	221.0		108.9	103.5
2018-07-14 14:00:00	84.0	7.9	220.8		114.3	105.5
2018-07-14 15:00:00	93.0	24.5	205.0		114.8	108.6
2018-07-14 16:00:00	87.0	25.9	197.4		111.7	108.6
2018-07-14 17:00:00	88.0	20.6	184.4		102.5	97.6
2018-07-14 18:00:00	66.0	28.6	163.2		95.9	97.6
2018-07-14 19:00:00	64.0	34.2	142.9		88.6	88.4
2018-07-14 20:00:00	57.0	35.2	138.3		86.7	85.5
2018-07-14 21:00:00	63.0	27.4	130.7		79.1	76.5
2018-07-14 22:00:00	60.0	18.5	126.6		72.5	65.1
2018-07-14 23:00:00	59.0	12.5	116.4		64.5	60.0
2018-07-15 00:00:00	43.0	12.0	113.5		62.7	54.5
2018-07-15 01:00:00	56.0	13.5	109.9		61.7	53.5
2018-07-15 02:00:00	60.0	19.3	106.3		62.8	56.5
2018-07-15 03:00:00	59.0	20.0	104.1		62.0	56.5
2018-07-15 04:00:00	57.0	19.5	103.9		61.7	56.0
2018-07-15 05:00:00	56.0	19.3	104.0		61.7	56.0
2018-07-15 06:00:00	58.0	20.9	105.8		63.3	57.0
2018-07-15 07:00:00	59.0	13.7	123.1		68.4	60.5
2018-07-15 08:00:00	59.0	-5.9	162.9		78.5	75.0
2018-07-15 09:00:00	59.0	-23.1	205.6		91.2	78.0
2018-07-15 10:00:00	65.0	-30.4	233.1		101.3	86.0
2018-07-15 11:00:00	67.0	-27.5	237.8		105.2	91.5
2018-07-15 12:00:00	59.0	-22.5	240.7		109.1	100.5
2018-07-15 13:00:00	70.0	-11.4	237.0		112.8	103.5
2018-07-15 14:00:00	89.0	-1.9	236.1		117.1	105.5
2018-07-15 15:00:00	91.0	12.4	224.9		118.6	108.6
2018-07-15 16:00:00	88.0	14.6	216.9		115.8	108.6
2018-07-15 17:00:00	87.0	12.1	203.0		107.6	103.4
2018-07-15 18:00:00	75.0	23.1	178.0		100.6	102.5
2018-07-15 19:00:00	81.0	29.9	154.9		92.4	100.0
2018-07-15 20:00:00	73.0	31.2	148.8		90.0	98.5
2018-07-15 21:00:00	79.0	26.9	136.3		81.6	79.5
2018-07-15 22:00:00	62.0	24.4	127.9		76.2	73.5
2018-07-15 23:00:00	64.0	20.4	115.5		68.0	67.0
2018-07-16 00:00:00	51.0	20.2	111.8		66.0	64.5
2018-07-16 01:00:00	67.0	21.3	105.1		63.2	61.0
2018-07-16 02:00:00	62.0	26.2	100.2		63.2	60.0
2018-07-16 03:00:00	57.0	26.7	97.6		62.2	59.5
2018-07-16 04:00:00	56.0	26.5	97.3		61.9	57.0
2018-07-16 05:00:00	57.0	26.6	98.3		62.4	58.0
2018-07-16 06:00:00	53.0	28.1	101.3		64.7	58.0
2018-07-16 07:00:00	63.0	15.2	130.2		72.7	74.0
2018-07-16 08:00:00	99.0	-7.0	181.8		87.4	80.6
2018-07-16 09:00:00	142.0	-12.9	222.3		104.7	103.9
2018-07-16 10:00:00	164.0	-10.0	244.0		117.0	128.5
2018-07-16 11:00:00	167.0	-6.0	242.8		118.4	128.5
2018-07-16 12:00:00	150.0	-1.1	248.6		123.7	132.5
2018-07-16 13:00:00	173.0	12.6	242.2		127.4	141.0
2018-07-16 14:00:00	185.0	27.3	240.2		133.7	147.0
2018-07-16 15:00:00	175.0	36.0	230.9		133.4	144.5
2018-07-16 16:00:00	179.0	40.2	218.2		129.2	135.0
2018-07-16 17:00:00	160.0	35.0	203.8		119.4	113.0
2018-07-16 18:00:00	112.0	46.9	176.3		111.6	111.5
2018-07-16 19:00:00	111.0	58.2	144.9		101.6	103.0
2018-07-16 20:00:00	97.0	52.4	143.6		98.0	100.3
2018-07-16 21:00:00	102.0	37.2	136.3		86.8	87.5
2018-07-16 22:00:00	72.0	33.7	125.7		79.7	80.0
2018-07-16 23:00:00	72.0	33.1	108.6		70.8	69.5
2018-07-17 00:00:00	60.0	31.5	105.5		68.5	67.0
2018-07-17 01:00:00	64.0	29.1	101.2		65.1	62.5
2018-07-17 02:00:00	62.0	29.0	98.5		63.8	61.0
2018-07-17 03:00:00	53.0	29.1	96.6		62.8	57.5
2018-07-17 04:00:00	64.0	27.9	95.7		61.8	57.0
2018-07-17 05:00:00	58.0	27.5	98.4		62.9	58.0
2018-07-17 06:00:00	58.0	23.8	109.2		66.5	58.5
2018-07-17 07:00:00	73.0	14.9	144.0		79.5	81.1
2018-07-17 08:00:00	104.0	11.2	195.6		103.4	103.4
2018-07-17 09:00:00	128.0	46.6	214.3		130.4	128.6
2018-07-17 10:00:00	143.0	88.7	207.5		148.1	146.7
2018-07-17 11:00:00	136.0	82.3	213.8		148.0	146.7
2018-07-17 12:00:00	114.0	86.3	218.7		152.5	149.0
2018-07-17 13:00:00	148.0	83.4	226.3		154.9	156.0
2018-07-17 14:00:00	160.0	106.3	217.3		161.8	159.5
2018-07-17 15:00:00	153.0	104.8	212.7		158.8	158.0
2018-07-17 16:00:00	148.0	97.0	205.2		151.1	154.0
2018-07-17 17:00:00	136.0	65.1	206.0		135.5	130.0
2018-07-17 18:00:00	103.0	69.1	175.2		122.2	117.4
2018-07-17 19:00:00	97.0	89.1	130.7		109.9	111.3
2018-07-17 20:00:00	98.0	75.1	134.5		104.8	107.0
2018-07-17 21:00:00	92.0	47.6	137.7		92.7	97.5
2018-07-17 22:00:00	70.0	43.0	124.6		83.8	85.0
2018-07-17 23:00:00	73.0	38.7	109.8		74.2	71.0
2018-07-18 00:00:00	63.0	33.0	110.0		71.5	68.0
2018-07-18 01:00:00	62.0	29.4	104.8		67.1	63.5
2018-07-18 02:00:00	57.0	27.6	101.9		64.8	61.0
2018-07-18 03:00:00	58.0	27.2	99.4		63.3	58.0
2018-07-18 04:00:00	57.0	26.8	98.0		62.4	57.0
2018-07-18 05:00:00	56.0	27.4	99.6		63.5	58.0
2018-07-18 06:00:00	59.0	23.7	111.3		67.5	59.0
2018-07-18 07:00:00	70.0	15.6	146.8		81.2	80.5
2018-07-18 08:00:00	111.0	17.2	190.2		103.7	103.9
2018-07-18 09:00:00	151.0	54.6	200.5		127.6	128.0
2018-07-18 10:00:00	167.0	95.9	188.0		141.9	139.5
2018-07-18 11:00:00	171.0	84.7	194.8		139.8	137.0
2018-07-18 12:00:00	132.0	79.0	208.2		143.6	139.0
2018-07-18 13:00:00	173.0	76.9	216.4		146.7	143.0
2018-07-18 14:00:00	185.0	101.3	208.2		154.7	150.5
2018-07-18 15:00:00	175.0	102.1	204.2		153.2	150.5
2018-07-18 16:00:00	165.0	96.6	194.7		145.7	145.5
2018-07-18 17:00:00	146.0	65.2	195.6		130.4	129.5
2018-07-18 18:00:00	109.0	67.8	168.0		117.9	116.5
2018-07-18 19:00:00	108.0	84.7	130.0		107.3	107.0
2018-07-18 20:00:00	102.0	71.7	134.4		103.0	102.0
2018-07-18 21:00:00	99.0	44.2	137.8		91.0	91.5
2018-07-18 22:00:00	77.0	37.6	124.0		80.8	83.2
2018-07-18 23:00:00	70.0	33.3	110.0		71.7	68.5
2018-07-19 00:00:00	58.0	28.3	110.4		69.3	66.0
2018-07-19 01:00:00	65.0	25.8	105.3		65.6	60.5
2018-07-19 02:00:00	60.0	26.6	102.2		64.4	60.5
2018-07-19 03:00:00	59.0	26.6	99.4		63.0	57.5
2018-07-19 04:00:00	54.0	27.0	97.8		62.4	56.5
2018-07-19 05:00:00	51.0	26.0	101.0		63.5	56.5
2018-07-19 06:00:00	53.0	22.8	115.6		69.2	68.5
2018-07-19 07:00:00	78.0	14.9	152.1		83.5	82.2
2018-07-19 08:00:00	118.0	19.6	193.3		106.4	111.5
2018-07-19 09:00:00	132.0	53.0	211.9		132.5	133.6
2018-07-19 10:00:00	155.0	93.4	204.6		149.0	150.5
2018-07-19 11:00:00	141.0	90.7	208.9		149.8	154.7
2018-07-19 12:00:00	129.0	84.5	220.3		152.4	153.0
2018-07-19 13:00:00	138.0	82.0	228.4		155.2	151.5
2018-07-19 14:00:00	144.0	100.9	225.2		163.0	167.5
2018-07-19 15:00:00	147.0	104.8	217.6		161.2	164.5
2018-07-19 16:00:00	145.0	94.8	211.0		152.9	156.5
2018-07-19 17:00:00	126.0	60.4	210.6		135.5	134.0
2018-07-19 18:00:00	101.0	64.2	175.8		120.0	117.0
2018-07-19 19:00:00	100.0	82.0	132.5		107.3	107.0
2018-07-19 20:00:00	99.0	69.2	134.7		102.0	102.5
2018-07-19 21:00:00	83.0	43.8	136.8		90.3	89.5
2018-07-19 22:00:00	64.0	34.9	124.5		79.7	83.0
2018-07-19 23:00:00	64.0	27.0	112.5		69.7	68.5
2018-07-20 00:00:00	59.0	20.3	113.1		66.7	62.5
2018-07-20 01:00:00	56.0	20.1	107.4		63.8	58.5
2018-07-20 02:00:00	61.0	23.3	102.7		63.0	58.5
2018-07-20 03:00:00	62.0	24.0	100.2		62.1	58.0
2018-07-20 04:00:00	54.0	24.7	98.8		61.8	57.0
2018-07-20 05:00:00	56.0	22.8	101.8		62.3	55.5
2018-07-20 06:00:00	71.0	20.3	111.2		65.8	58.5
2018-07-20 07:00:00	88.0	9.3	142.7		76.0	78.0
2018-07-20 08:00:00	112.0	3.8	181.5		92.6	83.7
2018-07-20 09:00:00	139.0	7.1	215.8		111.5	115.6
2018-07-20 10:00:00	165.0	18.1	229.8		123.9	135.0
2018-07-20 11:00:00	155.0	18.3	232.7		125.5	133.5
2018-07-20 12:00:00	134.0	18.4	238.7		128.6	133.0
2018-07-20 13:00:00	168.0	28.9	233.2		131.1	133.5
2018-07-20 14:00:00	168.0	43.0	236.0		139.5	140.0
2018-07-20 15:00:00	167.0	51.9	228.4		140.1	144.5
2018-07-20 16:00:00	173.0	51.2	217.4		134.3	137.5
2018-07-20 17:00:00	156.0	38.9	202.5		120.7	112.0
2018-07-20 18:00:00	107.0	48.2	170.7		109.5	102.5
2018-07-20 19:00:00	107.0	64.4	134.3		99.4	99.0
2018-07-20 20:00:00	97.0	58.5	132.2		95.4	92.5
2018-07-20 21:00:00	85.0	42.9	129.0		85.9	83.5
2018-07-20 22:00:00	63.0	35.0	118.4		76.7	80.0
2018-07-20 23:00:00	61.0	27.2	107.9		67.5	64.5
2018-07-21 00:00:00	48.0	22.5	106.7		64.6	58.5
2018-07-21 01:00:00	54.0	20.1	104.2		62.2	55.5
2018-07-21 02:00:00	50.0	24.8	99.2		62.0	56.5
2018-07-21 03:00:00	49.0	25.8	96.6		61.2	56.0
2018-07-21 04:00:00	48.0	28.8	93.2		61.0	56.5
2018-07-21 05:00:00	48.0	28.3	95.3		61.8	57.0
2018-07-21 06:00:00	48.0	26.3	103.2		64.8	59.5
2018-07-21 07:00:00	55.0	15.6	126.2		70.9	69.0
2018-07-21 08:00:00	57.0	2.2	161.3		81.7	79.0
2018-07-21 09:00:00	80.0	-10.2	198.4		94.1	81.2
2018-07-21 10:00:00	93.0	-13.9	222.9		104.5	85.5
2018-07-21 11:00:00	97.0	-8.7	223.2		107.2	89.0
2018-07-21 12:00:00	83.0	-2.3	227.5		112.6	97.5
2018-07-21 13:00:00	94.0	10.5	224.9		117.7	105.5
2018-07-21 14:00:00	103.0	19.6	231.7		125.7	111.5
2018-07-21 15:00:00	116.0	26.3	226.3		126.3	113.0
2018-07-21 16:00:00	106.0	26.0	218.9		122.5	114.0
2018-07-21 17:00:00	102.0	25.3	198.0		111.6	106.5
2018-07-21 18:00:00	89.0	41.9	164.8		103.4	101.1
2018-07-21 19:00:00	91.0	60.7	130.3		95.5	94.0
2018-07-21 20:00:00	91.0	59.2	126.4		92.8	92.2
2018-07-21 21:00:00	82.0	48.0	121.7		84.9	84.0
2018-07-21 22:00:00	65.0	39.7	116.2		78.0	79.5
2018-07-21 23:00:00	62.0	29.9	109.3		69.6	69.5
2018-07-22 00:00:00	49.0	26.0	106.3		66.1	62.5
2018-07-22 01:00:00	49.0	23.4	103.1		63.3	57.0
2018-07-22 02:00:00	49.0	26.2	98.4		62.3	56.5
2018-07-22 03:00:00	48.0	26.4	96.5		61.4	57.5
2018-07-22 04:00:00	51.0	27.5	93.9		60.7	57.0
2018-07-22 05:00:00	52.0	27.2	96.5		61.8	57.5
2018-07-22 06:00:00	50.0	25.7	103.6		64.7	59.5
2018-07-22 07:00:00	52.0	13.9	129.6		71.8	73.0
2018-07-22 08:00:00	63.0	-1.9	167.2		82.7	78.0
2018-07-22 09:00:00	65.0	-19.0	214.8		97.9	81.5
2018-07-22 10:00:00	79.0	-24.4	242.4		109.0	86.5
2018-07-22 11:00:00	78.0	-18.9	243.4		112.3	90.0
2018-07-22 12:00:00	91.0	-10.8	242.2		115.7	97.5
2018-07-22 13:00:00	102.0	1.1	241.5		121.3	105.5
2018-07-22 14:00:00	105.0	11.5	246.4		129.0	111.5
2018-07-22 15:00:00	113.0	20.8	236.5		128.7	114.0
2018-07-22 16:00:00	116.0	25.4	219.4		122.4	113.0
2018-07-22 17:00:00	116.0	28.3	196.5		112.4	106.5
2018-07-22 18:00:00	95.0	41.8	170.1		105.9	102.5
2018-07-22 19:00:00	103.0	51.7	147.1		99.4	94.0
2018-07-22 20:00:00	92.0	52.4	142.7		97.5	94.5
2018-07-22 21:00:00	100.0	43.8	134.1		88.9	90.5
2018-07-22 22:00:00	82.0	37.0	126.0		81.5	78.5
2018-07-22 23:00:00	80.0	32.0	111.3		71.7	71.5
2018-07-23 00:00:00	64.0	29.4	105.5		67.4	65.0
2018-07-23 01:00:00	67.0	27.6	100.8		64.2	60.1
2018-07-23 02:00:00	65.0	30.0	96.3		63.1	59.5
2018-07-23 03:00:00	64.0	28.6	94.7		61.6	58.0
2018-07-23 04:00:00	58.0	27.9	94.3		61.1	56.0
2018-07-23 05:00:00	55.0	27.1	99.3		63.2	58.0
2018-07-23 06:00:00	53.0	27.4	108.7		68.0	69.5
2018-07-23 07:00:00	73.0	14.0	143.8		78.9	76.0
2018-07-23 08:00:00	114.0	0.5	188.7		94.6	82.0
2018-07-23 09:00:00	151.0	-4.6	235.2		115.3	118.5
2018-07-23 10:00:00	187.0	4.3	253.6		128.9	142.0
2018-07-23 11:00:00	191.0	13.7	249.5		131.6	145.4
2018-07-23 12:00:00	155.0	18.3	255.3		136.8	145.0
2018-07-23 13:00:00	192.0	28.3	253.8		141.1	145.4
2018-07-23 14:00:00	189.0	35.8	261.6		148.7	156.3
2018-07-23 15:00:00	183.0	42.4	251.6		147.0	155.0
2018-07-23 16:00:00	169.0	43.2	233.5		138.3	147.5
2018-07-23 17:00:00	155.0	39.3	212.2		125.7	122.8
2018-07-23 18:00:00	122.0	51.9	180.0		116.0	116.2
2018-07-23 19:00:00	120.0	64.1	152.3		108.2	110.5
2018-07-23 20:00:00	113.0	65.2	146.5		105.9	104.0
2018-07-23 21:00:00	108.0	49.8	143.2		96.5	99.0
2018-07-23 22:00:00	78.0	40.2	134.6		87.4	86.5
2018-07-23 23:00:00	70.0	37.5	114.7		76.1	78.5
2018-07-24 00:00:00	51.0	39.4	103.6		71.5	72.5
2018-07-24 01:00:00	60.0	36.2	99.3		67.8	66.0
2018-07-24 02:00:00	59.0	36.9	96.9		66.9	66.0
2018-07-24 03:00:00	58.0	34.0	96.5		65.3	64.5
2018-07-24 04:00:00	52.0	31.9	97.6		64.7	61.5
2018-07-24 05:00:00	51.0	31.6	101.8		66.7	65.5
2018-07-24 06:00:00	58.0	31.9	112.9		72.4	73.0
2018-07-24 07:00:00	78.0	25.0	148.5		86.8	84.5
2018-07-24 08:00:00	120.0	22.4	198.5		110.4	113.0
2018-07-24 09:00:00	145.0	52.5	225.9		139.2	142.4
2018-07-24 10:00:00	176.0	105.4	211.7		158.6	158.5
2018-07-24 11:00:00	169.0	109.2	210.1		159.6	156.0
2018-07-24 12:00:00	145.0	106.3	220.1		163.2	157.8
2018-07-24 13:00:00	191.0	102.3	230.3		166.3	160.5
2018-07-24 14:00:00	196.0	126.1	224.2		175.1	181.0
2018-07-24 15:00:00	176.0	126.3	218.2		172.3	171.5
2018-07-24 16:00:00	172.0	109.4	210.6		160.0	160.5
2018-07-24 17:00:00	150.0	73.1	210.0		141.5	147.5
2018-07-24 18:00:00	128.0	72.7	178.9		125.8	122.5
2018-07-24 19:00:00	116.0	83.3	145.5		114.4	116.7
2018-07-24 20:00:00	114.0	73.9	146.3		110.1	112.5
2018-07-24 21:00:00	104.0	49.2	148.8		99.0	99.5
2018-07-24 22:00:00	84.0	39.2	136.8		88.0	86.5
2018-07-24 23:00:00	85.0	37.4	114.0		75.7	77.0
2018-07-25 00:00:00	75.0	36.9	104.8		70.9	68.6
2018-07-25 01:00:00	75.0	36.4	97.9		67.1	65.0
2018-07-25 02:00:00	72.0	35.9	96.1		66.0	62.4
2018-07-25 03:00:00	70.0	34.2	95.5		64.9	61.5
2018-07-25 04:00:00	68.0	33.6	96.6		65.1	63.5
2018-07-25 05:00:00	67.0	34.9	99.8		67.4	66.0
2018-07-25 06:00:00	69.0	34.8	112.1		73.5	70.0
2018-07-25 07:00:00	86.0	22.3	153.4		87.8	84.5
2018-07-25 08:00:00	119.0	22.5	200.5		111.5	114.5
2018-07-25 09:00:00	161.0	58.1	215.9		137.0	139.5
2018-07-25 10:00:00	165.0	105.5	203.8		154.6	155.5
2018-07-25 11:00:00	173.0	108.3	200.4		154.4	154.0
2018-07-25 12:00:00	155.0	102.7	214.6		158.7	155.5
2018-07-25 13:00:00	190.0	99.7	227.2		163.5	160.0
2018-07-25 14:00:00	201.0	118.4	223.6		171.0	174.5
2018-07-25 15:00:00	187.0	115.6	220.6		168.1	168.0
2018-07-25 16:00:00	168.0	103.8	210.1		157.0	160.5
2018-07-25 17:00:00	165.0	72.4	206.5		139.4	141.0
2018-07-25 18:00:00	111.0	72.1	180.0		126.0	123.0
2018-07-25 19:00:00	118.0	80.8	146.9		113.8	115.5
2018-07-25 20:00:00	112.0	72.1	146.9		109.5	108.7
2018-07-25 21:00:00	100.0	50.5	146.3		98.4	99.0
2018-07-25 22:00:00	77.0	42.3	133.8		88.1	87.0
2018-07-25 23:00:00	79.0	39.8	114.2		77.0	78.5
2018-07-26 00:00:00	66.0	37.3	108.1		72.7	74.0
2018-07-26 01:00:00	67.0	35.9	101.5		68.7	70.0
2018-07-26 02:00:00	64.0	34.3	100.2		67.2	68.5
2018-07-26 03:00:00	55.0	34.7	98.5		66.6	66.0
2018-07-26 04:00:00	67.0	35.7	97.7		66.7	66.0
2018-07-26 05:00:00	65.0	38.4	100.4		69.4	68.0
2018-07-26 06:00:00	69.0	35.8	115.8		75.8	70.0
2018-07-26 07:00:00	92.0	23.1	156.3		89.7	85.5
2018-07-26 08:00:00	138.0	25.6	198.1		111.8	115.5
2018-07-26 09:00:00	158.0	58.3	215.6		136.9	140.9
2018-07-26 10:00:00	171.0	105.1	203.8		154.5	157.5
2018-07-26 11:00:00	180.0	111.3	197.6		154.4	154.5
2018-07-26 12:00:00	154.0	105.4	211.2		158.3	156.5
2018-07-26 13:00:00	181.0	100.0	225.7		162.9	160.0
2018-07-26 14:00:00	193.0	119.1	223.6		171.4	177.5
2018-07-26 15:00:00	179.0	117.0	222.1		169.5	169.0
2018-07-26 16:00:00	168.0	100.8	214.5		157.7	161.0
2018-07-26 17:00:00	158.0	65.7	210.8		138.2	140.0
2018-07-26 18:00:00	120.0	61.1	184.0		122.6	121.0
2018-07-26 19:00:00	126.0	66.6	150.4		108.5	111.5
2018-07-26 20:00:00	118.0	56.5	150.3		103.4	106.0
2018-07-26 21:00:00	107.0	43.5	141.7		92.6	92.0
2018-07-26 22:00:00	83.0	38.3	129.1		83.7	84.5
2018-07-26 23:00:00	82.0	32.2	114.7		73.5	73.5
2018-07-27 00:00:00	68.0	25.8	111.5		68.6	67.5
2018-07-27 01:00:00	72.0	25.6	102.5		64.1	63.2
2018-07-27 02:00:00	62.0	26.5	99.2		62.8	59.0
2018-07-27 03:00:00	61.0	27.0	98.5		62.8	59.5
2018-07-27 04:00:00	65.0	29.7	97.7		63.7	61.5
2018-07-27 05:00:00	69.0	30.8	100.7		65.7	66.0
2018-07-27 06:00:00	67.0	25.7	115.7		70.7	68.5
2018-07-27 07:00:00	88.0	5.1	156.4		80.8	71.5
2018-07-27 08:00:00	126.0	-2.1	194.5		96.2	88.5
2018-07-27 09:00:00	144.0	1.0	227.9		114.4	124.5
2018-07-27 10:00:00	167.0	8.8	243.3		126.1	140.9
2018-07-27 11:00:00	173.0	15.2	239.5		127.4	139.0
2018-07-27 12:00:00	141.0	17.2	245.9		131.5	139.5
2018-07-27 13:00:00	180.0	24.7	247.7		136.2	141.5
2018-07-27 14:00:00	193.0	33.3	253.1		143.2	151.5
2018-07-27 15:00:00	186.0	38.5	247.8		143.2	151.0
2018-07-27 16:00:00	170.0	41.6	228.7		135.2	140.0
2018-07-27 17:00:00	146.0	39.2	207.4		123.3	119.0
2018-07-27 18:00:00	104.0	43.4	181.1		112.2	111.7
2018-07-27 19:00:00	96.0	49.5	155.4		102.4	102.5
2018-07-27 20:00:00	96.0	43.7	150.6		97.2	95.5
2018-07-27 21:00:00	92.0	41.2	136.0		88.6	88.0
2018-07-27 22:00:00	70.0	36.9	125.3		81.1	82.0
2018-07-27 23:00:00	68.0	30.5	114.4		72.4	75.0
2018-07-28 00:00:00	48.0	25.7	110.6		68.1	68.0
2018-07-28 01:00:00	53.0	24.3	104.0		64.2	60.0
2018-07-28 02:00:00	52.0	24.4	100.9		62.6	57.5
2018-07-28 03:00:00	52.0	23.8	100.3		62.1	56.5
2018-07-28 04:00:00	53.0	24.5	100.1		62.3	58.0
2018-07-28 05:00:00	59.0	23.8	102.4		63.1	60.5
2018-07-28 06:00:00	55.0	21.0	111.1		66.0	67.0
2018-07-28 07:00:00	64.0	6.2	136.2		71.2	69.5
2018-07-28 08:00:00	71.0	-8.4	169.1		80.3	74.0
2018-07-28 09:00:00	89.0	-20.3	202.1		90.9	78.5
2018-07-28 10:00:00	100.0	-23.3	221.8		99.3	86.5
2018-07-28 11:00:00	99.0	-11.9	218.0		103.0	89.5
2018-07-28 12:00:00	97.0	-0.9	217.2		108.1	98.5
2018-07-28 13:00:00	100.0	11.9	220.0		116.0	104.0
2018-07-28 14:00:00	103.0	17.5	230.8		124.2	110.5
2018-07-28 15:00:00	109.0	23.7	228.6		126.1	113.0
2018-07-28 16:00:00	101.0	29.5	212.5		121.0	112.5
2018-07-28 17:00:00	103.0	31.8	188.6		110.2	104.4
2018-07-28 18:00:00	95.0	41.7	158.0		99.8	98.5
2018-07-28 19:00:00	99.0	49.8	133.8		91.8	94.0
2018-07-28 20:00:00	95.0	47.5	131.5		89.5	92.0
2018-07-28 21:00:00	92.0	44.0	123.1		83.6	80.0
2018-07-28 22:00:00	80.0	36.9	118.8		77.8	77.0
2018-07-28 23:00:00	72.0	33.0	106.5		69.8	70.5
2018-07-29 00:00:00	62.0	27.4	104.6		66.0	66.0
2018-07-29 01:00:00	58.0	27.1	98.8		62.9	61.0
2018-07-29 02:00:00	56.0	26.8	97.3		62.0	59.0
2018-07-29 03:00:00	49.0	26.5	96.0		61.3	55.0
2018-07-29 04:00:00	51.0	26.8	95.0		60.9	56.0
2018-07-29 05:00:00	50.0	28.8	93.3		61.1	59.0
2018-07-29 06:00:00	46.0	29.3	97.9		63.6	64.5
2018-07-29 07:00:00	53.0	14.4	124.2		69.3	69.0
2018-07-29 08:00:00	51.0	-0.1	158.7		79.3	74.0
2018-07-29 09:00:00	63.0	-7.8	187.0		89.6	83.0
2018-07-29 10:00:00	71.0	-12.6	208.1		97.7	87.0
2018-07-29 11:00:00	77.0	-5.2	210.3		102.5	93.0
2018-07-29 12:00:00	86.0	-2.5	221.5		109.5	98.5
2018-07-29 13:00:00	105.0	9.3	225.4		117.3	101.5
2018-07-29 14:00:00	111.0	16.8	232.4		124.6	109.5
2018-07-29 15:00:00	115.0	27.5	222.7		125.1	111.0
2018-07-29 16:00:00	116.0	31.3	209.3		120.3	110.8
2018-07-29 17:00:00	110.0	35.6	185.5		110.6	107.6
2018-07-29 18:00:00	89.0	41.5	165.2		103.3	103.5
2018-07-29 19:00:00	93.0	49.2	142.8		96.0	95.0
2018-07-29 20:00:00	89.0	49.0	138.9		94.0	94.0
2018-07-29 21:00:00	109.0	47.7	125.1		86.4	86.5
2018-07-29 22:00:00	70.0	41.6	120.7		81.1	80.8
2018-07-29 23:00:00	78.0	39.6	103.7		71.7	74.9
2018-07-30 00:00:00	55.0	39.7	97.0		68.4	69.4
2018-07-30 01:00:00	69.0	38.4	91.0		64.7	63.2
2018-07-30 02:00:00	64.0	37.1	91.6		64.3	63.2
2018-07-30 03:00:00	72.0	32.9	91.3		62.1	63.0
2018-07-30 04:00:00	66.0	30.5	92.2		61.3	64.0
2018-07-30 05:00:00	65.0	31.2	92.7		61.9	64.0
2018-07-30 06:00:00	67.0	29.7	101.6		65.6	65.0
2018-07-30 07:00:00	79.0	18.2	130.3		74.2	74.0
2018-07-30 08:00:00	106.0	-1.3	179.4		89.0	79.0
2018-07-30 09:00:00	120.0	-2.1	213.6		105.7	107.3
2018-07-30 10:00:00	141.0	5.1	229.3		117.2	135.5
2018-07-30 11:00:00	158.0	17.8	224.6		121.2	138.0
2018-07-30 12:00:00	152.0	25.1	231.2		128.1	139.5
2018-07-30 13:00:00	181.0	38.7	233.9		136.3	143.5
2018-07-30 14:00:00	169.0	47.2	241.7		144.5	156.0
2018-07-30 15:00:00	181.0	55.6	229.9		142.8	152.5
2018-07-30 16:00:00	157.0	53.7	216.2		135.0	140.5
2018-07-30 17:00:00	144.0	45.0	195.7		120.4	118.0
2018-07-30 18:00:00	113.0	49.6	173.2		111.4	114.0
2018-07-30 19:00:00	115.0	56.5	150.1		103.3	102.0
2018-07-30 20:00:00	102.0	57.7	146.1		101.9	99.5
2018-07-30 21:00:00	91.0	50.4	136.0		93.2	91.0
2018-07-30 22:00:00	83.0	41.3	127.5		84.4	82.0
2018-07-30 23:00:00	82.0	38.3	110.4		74.3	77.0
2018-07-31 00:00:00	68.0	32.3	111.1		71.7	72.5
2018-07-31 01:00:00	63.0	24.7	116.4		70.5	68.5
2018-07-31 02:00:00	63.0	22.7	120.4		71.5	70.3
2018-07-31 03:00:00	72.0	16.2	124.5		70.3	67.5
2018-07-31 04:00:00	63.0	19.7	119.5		69.6	69.4
2018-07-31 05:00:00	65.0	23.5	116.1		69.8	68.0
2018-07-31 06:00:00	71.0	32.9	112.9		72.9	71.4
2018-07-31 07:00:00	77.0	32.9	133.6		83.3	82.3
2018-07-31 08:00:00	88.0	26.2	182.1		104.2	101.5
2018-07-31 09:00:00	138.0	51.1	198.1		124.6	132.0
2018-07-31 10:00:00	152.0	95.1	187.8		141.5	139.5
2018-07-31 11:00:00	135.0	106.6	183.7		145.2	143.5
2018-07-31 12:00:00	143.0	108.5	195.8		152.2	150.0
2018-07-31 13:00:00	159.0	111.1	207.2		159.1	161.2
2018-07-31 14:00:00	186.0	130.7	205.8		168.3	168.0
2018-07-31 15:00:00	161.0	115.9	213.0		164.5	165.8
2018-07-31 16:00:00	138.0	95.5	212.4		153.9	154.0
2018-07-31 17:00:00	129.0	71.6	195.3		133.5	132.0
2018-07-31 18:00:00	96.0	75.0	168.7		121.8	120.0
2018-07-31 19:00:00	134.0	82.2	139.1		110.7	113.0
2018-07-31 20:00:00	118.0	66.0	146.4		106.2	104.5
2018-07-31 21:00:00	98.0	52.4	140.2		96.3	97.5
2018-07-31 22:00:00	78.0	40.8	128.8		84.8	84.0
2018-07-31 23:00:00	82.0	34.2	116.0		75.1	79.8
2018-08-01 00:00:00	84.0	28.2	115.4		71.8	71.0
2018-08-01 01:00:00	106.0	24.0	116.4		70.2	65.7
2018-08-01 02:00:00	116.0	25.1	116.2		70.6	66.6
2018-08-01 03:00:00	106.0	17.6	122.6		70.1	64.5
2018-08-01 04:00:00	116.0	25.9	111.8	abnormal	68.8	65.5
2018-08-01 05:00:00	96.0	23.3	115.7		69.5	66.0
2018-08-01 06:00:00	96.0	31.3	114.7		73.0	72.5
2018-08-01 07:00:00	96.0	27.9	138.9		83.4	84.8
2018-08-01 08:00:00	86.0	25.8	186.3		106.1	104.0
2018-08-01 09:00:00	108.0	48.0	208.7		128.3	132.5
2018-08-01 10:00:00	106.0	98.5	192.5		145.5	143.0
2018-08-01 11:00:00	158.0	100.7	190.7		145.7	143.5
2018-08-01 12:00:00	140.0	105.0	201.6		153.3	150.0
2018-08-01 13:00:00	176.0	110.5	209.1		159.8	161.2
2018-08-01 14:00:00	173.0	131.7	207.9		169.8	166.5
2018-08-01 15:00:00	204.0	119.7	207.0		163.4	165.8
2018-08-01 16:00:00	124.0	98.0	212.6		155.3	154.5
2018-08-01 17:00:00	133.0	67.3	201.5		134.4	130.0
2018-08-01 18:00:00	107.0	69.7	174.7		122.2	120.0
2018-08-01 19:00:00	95.0	82.5	143.1		112.8	114.5
2018-08-01 20:00:00	104.0	66.3	148.1		107.2	106.5
2018-08-01 21:00:00	81.0	55.8	139.6		97.7	98.5
2018-08-01 22:00:00	85.0	37.3	130.4		83.8	86.0
2018-08-01 23:00:00	60.0	20.0	128.0		74.0	79.0
2018-08-02 00:00:00	54.0	16.0	125.1		70.5	74.5
2018-08-02 01:00:00	74.0	10.4	130.9		70.7	65.5
2018-08-02 02:00:00	59.0	20.9	126.1		73.5	72.0
2018-08-02 03:00:00	58.0	18.7	128.0		73.3	68.0
2018-08-02 04:00:00	66.0	23.7	120.7		72.2	65.0
2018-08-02 05:00:00	58.0	27.4	118.0		72.7	67.5
2018-08-02 06:00:00	52.0	37.5	114.7		76.1	75.2
2018-08-02 07:00:00	84.0	27.7	143.7		85.7	85.8
2018-08-02 08:00:00	111.0	27.8	184.3		106.0	98.0
2018-08-02 09:00:00	130.0	47.4	209.6		128.5	129.5
2018-08-02 10:00:00	171.0	87.5	201.1		144.3	144.0
2018-08-02 11:00:00	145.0	97.9	197.6		147.8	146.5
2018-08-02 12:00:00	147.0	104.5	204.8		154.7	155.0
2018-08-02 13:00:00	182.0	111.3	209.4		160.3	164.8
2018-08-02 14:00:00	183.0	138.0	203.9		171.0	172.5
2018-08-02 15:00:00	175.0	121.4	211.9		166.6	168.0
2018-08-02 16:00:00	167.0	99.2	213.3		156.3	154.5
2018-08-02 17:00:00	151.0	65.5	205.6		135.5	132.0
2018-08-02 18:00:00	119.0	64.5	177.3		120.9	117.7
2018-08-02 19:00:00	120.0	81.3	136.8		109.0	107.5
2018-08-02 20:00:00	116.0	65.5	141.4		103.5	103.5
2018-08-02 21:00:00	102.0	49.9	138.0		93.9	92.5
2018-08-02 22:00:00	92.0	36.6	124.6		80.6	81.0
2018-08-02 23:00:00	75.0	13.4	124.0		68.7	71.0
2018-08-03 00:00:00	16.0	24.3	108.3	abnormal	66.3	61.5
2018-08-03 01:00:00	60.0	13.5	114.5		64.0	60.5
2018-08-03 02:00:00	61.0	29.6	103.0		66.3	61.5
2018-08-03 03:00:00	57.0	29.3	101.2		65.2	62.0
2018-08-03 04:00:00	61.0	30.1	98.4		64.3	63.5
2018-08-03 05:00:00	65.0	30.2	99.8		65.0	64.0
2018-08-03 06:00:00	64.0	29.6	108.2		68.9	67.5
2018-08-03 07:00:00	66.0	16.8	141.2		79.0	78.0
2018-08-03 08:00:00	95.0	9.3	181.4		95.4	87.0
2018-08-03 09:00:00	122.0	11.5	216.5		114.0	115.0
2018-08-03 10:00:00	152.0	20.8	229.7		125.3	133.5
2018-08-03 11:00:00	147.0	24.8	230.6		127.7	137.0
2018-08-03 12:00:00	133.0	28.6	238.4		133.5	142.0
2018-08-03 13:00:00	160.0	39.8	241.6		140.7	147.0
2018-08-03 14:00:00	172.0	54.1	242.6		148.4	160.5
2018-08-03 15:00:00	161.0	53.8	238.8		146.3	159.0
2018-08-03 16:00:00	167.0	48.3	225.8		137.0	146.0
2018-08-03 17:00:00	153.0	37.4	207.9		122.7	116.0
2018-08-03 18:00:00	107.0	47.8	177.1		112.4	109.5
2018-08-03 19:00:00	110.0	65.7	141.0		103.3	105.5
2018-08-03 20:00:00	112.0	62.3	136.3		99.3	99.5
2018-08-03 21:00:00	97.0	52.1	130.3		91.2	90.5
2018-08-03 22:00:00	69.0	42.0	121.2		81.6	82.0
2018-08-03 23:00:00	71.0	14.4	122.4		68.4	74.0
2018-08-04 00:00:00	33.0	19.7	109.3		64.5	66.0
2018-08-04 01:00:00	63.0	16.1	106.6		61.3	60.5
2018-08-04 02:00:00	58.0	32.5	96.1		64.3	64.0
2018-08-04 03:00:00	48.0	32.5	95.8		64.1	64.5
2018-08-04 04:00:00	52.0	31.5	94.5		63.0	64.5
2018-08-04 05:00:00	50.0	32.9	94.7		63.8	65.0
2018-08-04 06:00:00	52.0	31.1	98.4		64.7	65.0
2018-08-04 07:00:00	55.0	19.2	121.4		70.3	68.5
2018-08-04 08:00:00	62.0	3.6	155.9		79.7	75.0
2018-08-04 09:00:00	80.0	-6.7	191.1		92.2	80.0
2018-08-04 10:00:00	83.0	-4.0	208.3		102.1	90.5
2018-08-04 11:00:00	87.0	5.4	206.6		106.0	94.4
2018-08-04 12:00:00	89.0	18.7	205.8		112.2	102.5
2018-08-04 13:00:00	104.0	25.8	213.2		119.5	110.5
2018-08-04 14:00:00	114.0	36.2	217.1		126.7	112.0
2018-08-04 15:00:00	108.0	35.5	217.2		126.4	115.0
2018-08-04 16:00:00	97.0	36.8	203.8		120.3	108.5
2018-08-04 17:00:00	93.0	35.3	184.9		110.1	102.5
2018-08-04 18:00:00	85.0	50.6	154.3		102.5	102.5
2018-08-04 19:00:00	90.0	62.5	130.7		96.6	100.5
2018-08-04 20:00:00	89.0	60.0	129.3		94.7	95.5
2018-08-04 21:00:00	88.0	51.0	124.8		87.9	85.0
2018-08-04 22:00:00	82.0	43.6	117.2		80.4	79.0
2018-08-04 23:00:00	85.0	27.8	110.4		69.1	72.5
2018-08-05 00:00:00	49.0	28.6	102.9		65.7	67.0
2018-08-05 01:00:00	69.0	27.4	95.5		61.5	62.5
2018-08-05 02:00:00	65.0	32.0	93.4		62.7	63.5
2018-08-05 03:00:00	71.0	29.2	93.5		61.3	58.5
2018-08-05 04:00:00	72.0	29.3	92.0		60.7	58.0
2018-08-05 05:00:00	60.0	29.7	93.6		61.7	59.5
2018-08-05 06:00:00	65.0	29.0	97.1		63.0	60.0
2018-08-05 07:00:00	57.0	13.0	128.9		71.0	68.0
2018-08-05 08:00:00	68.0	-11.0	177.5		83.3	75.0
2018-08-05 09:00:00	70.0	-22.9	220.8		98.9	81.0
2018-08-05 10:00:00	73.0	-24.0	243.9		109.9	90.5
2018-08-05 11:00:00	88.0	-16.7	243.0		113.2	94.4
2018-08-05 12:00:00	83.0	-4.3	244.9		120.3	102.5
2018-08-05 13:00:00	107.0	2.2	252.1		127.1	110.0
2018-08-05 14:00:00	98.0	16.2	252.4		134.3	114.5
2018-08-05 15:00:00	104.0	19.0	245.1		132.0	115.0
2018-08-05 16:00:00	102.0	23.9	224.3		124.1	108.5
2018-08-05 17:00:00	100.0	26.2	203.4		114.8	106.0
2018-08-05 18:00:00	92.0	42.1	174.2		108.2	104.0
2018-08-05 19:00:00	104.0	48.9	157.2		103.1	103.5
2018-08-05 20:00:00	87.0	51.2	151.7		101.5	102.0
2018-08-05 21:00:00	91.0	47.3	140.5		93.9	89.0
2018-08-05 22:00:00	78.0	45.6	126.6		86.1	84.0
2018-08-05 23:00:00	77.0	37.5	112.4		74.9	78.0
2018-08-06 00:00:00	50.0	40.6	100.0		70.3	70.0
2018-08-06 01:00:00	65.0	36.9	94.3		65.6	67.0
2018-08-06 02:00:00	51.0	40.1	91.9		66.0	68.0
2018-08-06 03:00:00	56.0	36.6	93.4		65.0	68.5
2018-08-06 04:00:00	59.0	38.2	91.1		64.7	69.0
2018-08-06 05:00:00	60.0	37.4	93.9		65.7	69.5
2018-08-06 06:00:00	58.0	31.7	105.0		68.3	70.0
2018-08-06 07:00:00	75.0	8.3	151.0		79.7	73.0
2018-08-06 08:00:00	120.0	-13.8	208.8		97.5	85.0
2018-08-06 09:00:00	136.0	-12.3	251.2		119.4	119.0
2018-08-06 10:00:00	157.0	-3.1	271.8		134.3	157.0
2018-08-06 11:00:00	158.0	9.5	263.4		136.4	154.0
2018-08-06 12:00:00	142.0	22.5	264.3		143.4	159.0
2018-08-06 13:00:00	176.0	28.2	265.4		146.8	157.0
2018-08-06 14:00:00	194.0	40.7	269.2		155.0	169.5
2018-08-06 15:00:00	165.0	41.3	265.8		153.6	170.0
2018-08-06 16:00:00	178.0	42.2	246.3		144.3	155.0
2018-08-06 17:00:00	133.0	36.5	225.3		130.9	124.0
2018-08-06 18:00:00	119.0	51.1	186.0		118.5	116.5
2018-08-06 19:00:00	121.0	63.9	156.5		110.2	115.0
2018-08-06 20:00:00	123.0	62.8	150.5		106.6	107.0
2018-08-06 21:00:00	114.0	53.1	143.4		98.3	94.5
2018-08-06 22:00:00	93.0	46.4	129.2		87.8	86.5
2018-08-06 23:00:00	90.0	43.0	109.3		76.2	78.0
2018-08-07 00:00:00	67.0	44.0	98.5		71.3	71.5
2018-08-07 01:00:00	71.0	42.2	93.4		67.8	67.0
2018-08-07 02:00:00	76.0	42.1	91.1		66.6	64.5
2018-08-07 03:00:00	63.0	40.0	91.3		65.6	64.0
2018-08-07 04:00:00	73.0	38.0	91.3		64.7	63.5
2018-08-07 05:00:00	68.0	37.1	96.3		66.7	67.5
2018-08-07 06:00:00	69.0	33.5	109.9		71.7	72.0
2018-08-07 07:00:00	73.0	23.0	153.4		88.2	84.0
2018-08-07 08:00:00	127.0	22.6	200.0		111.3	112.0
2018-08-07 09:00:00	141.0	60.5	219.0		139.7	136.0
2018-08-07 10:00:00	154.0	97.4	217.1		157.2	158.0
2018-08-07 11:00:00	178.0	112.1	205.4		158.7	155.5
2018-08-07 12:00:00	134.0	116.6	214.6		165.6	166.5
2018-08-07 13:00:00	179.0	114.1	225.4		169.7	173.0
2018-08-07 14:00:00	169.0	146.2	211.7		178.9	178.0
2018-08-07 15:00:00	185.0	141.8	208.2		175.0	171.0
2018-08-07 16:00:00	156.0	119.9	209.0		164.5	166.5
2018-08-07 17:00:00	155.0	74.4	214.9		144.6	147.1
2018-08-07 18:00:00	114.0	80.4	178.7		129.5	124.5
2018-08-07 19:00:00	107.0	91.8	144.1		117.9	117.0
2018-08-07 20:00:00	121.0	80.9	145.5		113.2	114.0
2018-08-07 21:00:00	100.0	61.1	144.0		102.5	102.5
2018-08-07 22:00:00	86.0	50.6	132.0		91.3	90.0
2018-08-07 23:00:00	70.0	48.4	113.9		81.2	83.0
2018-08-08 00:00:00	56.0	47.4	105.7		76.6	76.5
2018-08-08 01:00:00	62.0	43.9	102.2		73.1	73.5
2018-08-08 02:00:00	63.0	43.8	97.4		70.6	72.0
2018-08-08 03:00:00	54.0	46.3	91.9		69.1	68.0
2018-08-08 04:00:00	59.0	41.4	93.6		67.5	68.5
2018-08-08 05:00:00	48.0	40.3	97.8		69.1	69.5
2018-08-08 06:00:00	55.0	32.2	114.8		73.5	73.0
2018-08-08 07:00:00	64.0	24.1	151.7		87.9	83.0
2018-08-08 08:00:00	115.0	24.7	193.9		109.3	108.0
2018-08-08 09:00:00	101.0	62.8	209.1		135.9	135.5
2018-08-08 10:00:00	134.0	100.2	203.4		151.8	154.0
2018-08-08 11:00:00	142.0	112.5	193.8		153.1	153.5
2018-08-08 12:00:00	140.0	103.6	209.9		156.7	155.0
2018-08-08 13:00:00	158.0	103.1	219.7		161.4	169.5
2018-08-08 14:00:00	177.0	125.0	215.3		170.1	171.0
2018-08-08 15:00:00	160.0	140.3	201.1		170.7	170.0
2018-08-08 16:00:00	168.0	113.8	206.6		160.2	161.0
2018-08-08 17:00:00	150.0	67.5	214.5		141.0	144.1
2018-08-08 18:00:00	108.0	78.5	174.2		126.3	121.5
2018-08-08 19:00:00	139.0	92.2	134.4	abnormal	113.3	114.1
2018-08-08 20:00:00	101.0	80.4	142.9		111.7	114.0
2018-08-08 21:00:00	114.0	64.4	136.2		100.3	101.0
2018-08-08 22:00:00	72.0	56.9	127.3		92.1	92.0
2018-08-08 23:00:00	83.0	46.4	117.8		82.1	83.0
2018-08-09 00:00:00	68.0	40.4	114.3		77.3	80.5
2018-08-09 01:00:00	57.0	35.1	111.2		73.2	74.5
2018-08-09 02:00:00	65.0	33.8	106.1		70.0	70.0
2018-08-09 03:00:00	62.0	32.6	102.2		67.4	64.0
2018-08-09 04:00:00	59.0	28.6	102.5		65.6	61.5
2018-08-09 05:00:00	58.0	25.2	106.0		65.6	66.0
2018-08-09 06:00:00	48.0	23.9	116.9		70.4	70.0
2018-08-09 07:00:00	60.0	20.4	145.5		83.0	81.0
2018-08-09 08:00:00	81.0	25.3	179.5		102.4	101.5
2018-08-09 09:00:00	126.0	45.5	207.3		126.4	130.3
2018-08-09 10:00:00	135.0	85.5	199.9		142.7	145.0
2018-08-09 11:00:00	145.0	101.3	191.7		146.5	149.0
2018-08-09 12:00:00	136.0	93.3	208.1		150.7	153.0
2018-08-09 13:00:00	113.0	98.3	219.0		158.7	166.5
2018-08-09 14:00:00	163.0	119.2	213.0		166.1	170.5
2018-08-09 15:00:00	144.0	132.4	200.4		166.4	168.0
2018-08-09 16:00:00	161.0	114.0	198.4		156.2	161.5
2018-08-09 17:00:00	126.0	66.0	210.6		138.3	144.1
2018-08-09 18:00:00	103.0	74.4	174.0		124.2	122.5
2018-08-09 19:00:00	125.0	79.7	142.8		111.3	112.5
2018-08-09 20:00:00	114.0	64.8	150.9		107.9	108.5
2018-08-09 21:00:00	103.0	54.5	138.9		96.7	99.0
2018-08-09 22:00:00	83.0	45.3	131.0		88.2	88.5
2018-08-09 23:00:00	90.0	37.5	121.2		79.3	82.5
2018-08-10 00:00:00	58.0	29.6	120.3		75.0	81.5
2018-08-10 01:00:00	54.0	22.6	117.7		70.2	72.5
2018-08-10 02:00:00	49.0	22.2	112.4		67.3	67.5
2018-08-10 03:00:00	58.0	18.7	109.9		64.3	64.0
2018-08-10 04:00:00	44.0	20.9	106.1		63.5	61.5
2018-08-10 05:00:00	41.0	20.4	106.0		63.2	63.5
2018-08-10 06:00:00	47.0	18.6	113.6		66.1	68.0
2018-08-10 07:00:00	60.0	8.5	139.3		73.9	73.5
2018-08-10 08:00:00	78.0	-1.6	179.0		88.7	82.5
2018-08-10 09:00:00	93.0	-2.8	218.9		108.0	112.0
2018-08-10 10:00:00	141.0	9.3	230.9		120.1	128.0
2018-08-10 11:00:00	119.0	18.3	229.5		123.9	136.5
2018-08-10 12:00:00	102.0	19.7	235.0		127.3	136.5
2018-08-10 13:00:00	155.0	24.3	240.3		132.3	135.5
2018-08-10 14:00:00	129.0	43.1	245.1		144.1	163.5
2018-08-10 15:00:00	167.0	54.7	234.4		144.6	161.5
2018-08-10 16:00:00	138.0	57.9	221.4		139.6	144.1
2018-08-10 17:00:00	127.0	40.3	208.3		124.3	115.8
2018-08-10 18:00:00	95.0	57.7	170.7		114.2	112.2
2018-08-10 19:00:00	95.0	67.0	143.4		105.2	102.5
2018-08-10 20:00:00	99.0	58.2	145.0		101.6	99.5
2018-08-10 21:00:00	72.0	51.9	133.8		92.8	93.5
2018-08-10 22:00:00	75.0	43.2	123.4		83.3	83.5
2018-08-10 23:00:00	64.0	35.5	115.0		75.3	76.0
2018-08-11 00:00:00	50.0	25.7	113.6		69.7	70.0
2018-08-11 01:00:00	48.0	17.0	111.8		64.4	60.5
2018-08-11 02:00:00	40.0	15.5	108.4		61.9	56.0
2018-08-11 03:00:00	39.0	13.2	106.9		60.0	55.5
2018-08-11 04:00:00	39.0	14.8	103.9		59.3	57.0
2018-08-11 05:00:00	44.0	15.2	102.5		58.8	55.5
2018-08-11 06:00:00	43.0	17.7	104.1		60.9	60.0
2018-08-11 07:00:00	45.0	10.7	120.9		65.8	68.0
2018-08-11 08:00:00	43.0	3.4	144.8		74.1	72.0
2018-08-11 09:00:00	57.0	-12.0	184.0		86.0	77.0
2018-08-11 10:00:00	74.0	-9.6	200.3		95.3	84.5
2018-08-11 11:00:00	62.0	3.8	199.5		101.7	89.0
2018-08-11 12:00:00	75.0	6.4	207.7		107.0	95.5
2018-08-11 13:00:00	79.0	16.3	215.3		115.8	109.5
2018-08-11 14:00:00	107.0	23.4	224.9		124.2	115.5
2018-08-11 15:00:00	118.0	35.8	214.8		125.3	116.0
2018-08-11 16:00:00	87.0	40.3	204.0		122.1	111.0
2018-08-11 17:00:00	109.0	30.1	188.5		109.3	101.5
2018-08-11 18:00:00	81.0	45.0	161.2		103.1	99.0
2018-08-11 19:00:00	99.0	52.3	137.7		95.0	95.0
2018-08-11 20:00:00	86.0	56.0	130.3		93.2	94.0
2018-08-11 21:00:00	85.0	51.9	119.4		85.7	84.0
2018-08-11 22:00:00	68.0	47.9	109.8		78.8	80.5
2018-08-11 23:00:00	70.0	35.5	107.8		71.7	75.5
2018-08-12 00:00:00	52.0	24.2	108.1		66.1	64.5
2018-08-12 01:00:00	44.0	16.3	106.3		61.3	55.0
2018-08-12 02:00:00	42.0	12.4	104.3		58.3	53.0
2018-08-12 03:00:00	43.0	10.1	103.7		56.9	52.5
2018-08-12 04:00:00	41.0	13.2	100.7		56.9	53.0
2018-08-12 05:00:00	43.0	15.9	97.9		56.9	53.5
2018-08-12 06:00:00	42.0	18.3	99.6		59.0	55.5
2018-08-12 07:00:00	41.0	10.0	118.7		64.3	62.0
2018-08-12 08:00:00	41.0	3.9	141.8		72.8	71.0
2018-08-12 09:00:00	44.0	-1.5	167.3		82.9	77.0
2018-08-12 10:00:00	52.0	0.5	182.0		91.2	84.5
2018-08-12 11:00:00	69.0	10.1	181.5		95.8	89.0
2018-08-12 12:00:00	83.0	17.5	184.5		101.0	95.5
2018-08-12 13:00:00	77.0	32.0	188.6		110.3	109.5
2018-08-12 14:00:00	109.0	40.9	193.2		117.1	115.5
2018-08-12 15:00:00	87.0	57.8	183.7		120.7	118.5
2018-08-12 16:00:00	91.0	55.0	177.7		116.3	111.0
2018-08-12 17:00:00	93.0	39.9	173.4		106.7	104.0
2018-08-12 18:00:00	60.0	51.5	156.8		104.2	99.5
2018-08-12 19:00:00	94.0	44.5	150.3		97.4	96.5
2018-08-12 20:00:00	72.0	54.7	141.6		98.1	95.5
2018-08-12 21:00:00	76.0	51.6	128.5		90.0	88.5
2018-08-12 22:00:00	78.0	44.4	121.3		82.9	84.5
2018-08-12 23:00:00	58.0	36.0	115.3		75.7	80.5
2018-08-13 00:00:00	48.0	24.1	114.4		69.2	70.5
2018-08-13 01:00:00	43.0	16.8	111.4		64.1	67.0
2018-08-13 02:00:00	40.0	14.9	106.9		60.9	57.5
2018-08-13 03:00:00	39.0	14.8	104.8		59.8	53.5
2018-08-13 04:00:00	40.0	17.4	101.5		59.4	55.5
2018-08-13 05:00:00	41.0	19.4	99.0		59.2	55.5
2018-08-13 06:00:00	46.0	21.7	100.6		61.2	63.5
2018-08-13 07:00:00	61.0	13.9	121.6		67.7	70.0
2018-08-13 08:00:00	78.0	4.3	153.0		78.6	76.0
2018-08-13 09:00:00	105.0	-7.2	190.4		91.6	81.5
2018-08-13 10:00:00	109.0	-4.7	208.6		102.0	91.5
2018-08-13 11:00:00	113.0	6.1	206.6		106.3	96.0
2018-08-13 12:00:00	99.0	16.4	211.5		114.0	104.5
2018-08-13 13:00:00	121.0	27.2	216.4		121.8	113.0
2018-08-13 14:00:00	145.0	38.7	218.9		128.8	127.0
2018-08-13 15:00:00	133.0	49.5	209.7		129.6	132.5
2018-08-13 16:00:00	139.0	45.6	198.0		121.8	114.0
2018-08-13 17:00:00	132.0	37.1	185.9		111.5	108.7
2018-08-13 18:00:00	79.0	49.3	165.5		107.4	103.0
2018-08-13 19:00:00	125.0	47.1	154.0		100.5	98.5
2018-08-13 20:00:00	97.0	54.0	148.1		101.1	98.5
2018-08-13 21:00:00	91.0	48.7	135.2		91.9	92.5
2018-08-13 22:00:00	85.0	42.6	127.2		84.9	85.0
2018-08-13 23:00:00	56.0	35.3	118.0		76.7	82.0
2018-08-14 00:00:00	48.0	26.6	115.9		71.3	76.5
2018-08-14 01:00:00	47.0	18.9	113.5		66.2	71.0
2018-08-14 02:00:00	43.0	18.1	108.7		63.4	68.0
2018-08-14 03:00:00	46.0	17.5	105.6		61.5	64.5
2018-08-14 04:00:00	48.0	19.5	102.6		61.0	64.5
2018-08-14 05:00:00	44.0	21.8	101.9		61.8	65.0
2018-08-14 06:00:00	48.0	23.5	105.0		64.3	66.4
2018-08-14 07:00:00	64.0	14.9	130.2		72.5	72.0
2018-08-14 08:00:00	79.0	7.3	166.6		87.0	82.5
2018-08-14 09:00:00	88.0	6.9	204.6		105.8	103.5
2018-08-14 10:00:00	105.0	14.2	221.5		117.8	111.0
2018-08-14 11:00:00	103.0	21.6	221.7		121.7	113.0
2018-08-14 12:00:00	91.0	30.5	224.6		127.6	135.5
2018-08-14 13:00:00	166.0	39.4	225.4		132.4	137.5
2018-08-14 14:00:00	133.0	58.2	226.6		142.4	149.5
2018-08-14 15:00:00	142.0	62.7	219.7		141.2	144.5
2018-08-14 16:00:00	144.0	60.0	207.1		133.5	136.0
2018-08-14 17:00:00	104.0	46.6	197.5		122.1	120.0
2018-08-14 18:00:00	118.0	56.7	170.0		113.4	115.5
2018-08-14 19:00:00	100.0	58.4	154.8		106.6	108.3
2018-08-14 20:00:00	99.0	62.9	146.7		104.8	103.0
2018-08-14 21:00:00	111.0	52.1	135.2		93.6	94.0
2018-08-14 22:00:00	58.0	42.7	129.1		85.9	85.0
2018-08-14 23:00:00	78.0	28.6	120.1		74.3	81.0
2018-08-15 00:00:00	45.0	24.5	114.9		69.7	74.5
2018-08-15 01:00:00	50.0	18.8	111.9		65.4	71.0
2018-08-15 02:00:00	46.0	21.1	105.2		63.2	68.0
2018-08-15 03:00:00	43.0	22.0	101.1		61.6	64.5
2018-08-15 04:00:00	47.0	22.6	99.9		61.3	64.5
2018-08-15 05:00:00	49.0	23.2	101.4		62.3	65.0
2018-08-15 06:00:00	46.0	27.7	103.1		65.4	66.4
2018-08-15 07:00:00	47.0	23.4	125.2		74.3	72.0
2018-08-15 08:00:00	50.0	12.7	168.1		90.4	85.5
2018-08-15 09:00:00	54.0	18.2	203.7		111.0	107.5
2018-08-15 10:00:00	68.0	30.6	216.9		123.7	129.5
2018-08-15 11:00:00	69.0	36.2	215.1		125.7	133.5
2018-08-15 12:00:00	77.0	39.4	220.0		129.7	138.5
2018-08-15 13:00:00	81.0	47.0	225.3		136.2	141.5
2018-08-15 14:00:00	111.0	59.8	226.9		143.3	155.0
2018-08-15 15:00:00	101.0	61.9	221.3		141.6	151.0
2018-08-15 16:00:00	84.0	62.6	205.7		134.1	140.5
2018-08-15 17:00:00	110.0	47.9	194.6		121.2	117.5
2018-08-15 18:00:00	71.0	63.6	160.8		112.2	110.0
2018-08-15 19:00:00	90.0	58.2	146.9		102.6	105.0
2018-08-15 20:00:00	75.0	60.2	136.7		98.5	98.0
2018-08-15 21:00:00	82.0	46.6	130.5		88.5	89.0
2018-08-15 22:00:00	85.0	39.1	121.7		80.4	82.0
2018-08-15 23:00:00	56.0	33.3	110.2		71.8	75.4
2018-08-16 00:00:00	44.0	28.2	106.7		67.5	72.5
2018-08-16 01:00:00	46.0	22.0	104.2		63.1	65.0
2018-08-16 02:00:00	45.0	21.7	100.5		61.1	63.0
2018-08-16 03:00:00	44.0	20.6	98.1		59.3	59.5
2018-08-16 04:00:00	43.0	20.7	97.9		59.3	60.5
2018-08-16 05:00:00	43.0	19.6	101.6		60.6	62.5
2018-08-16 06:00:00	50.0	20.5	108.7		64.6	66.5
2018-08-16 07:00:00	61.0	14.1	135.6		74.8	74.5
2018-08-16 08:00:00	86.0	7.9	176.8		92.3	91.5
2018-08-16 09:00:00	113.0	20.5	204.5		112.5	116.5
2018-08-16 10:00:00	122.0	38.1	214.0		126.1	135.5
2018-08-16 11:00:00	123.0	43.6	211.2		127.4	137.5
2018-08-16 12:00:00	98.0	50.3	212.7		131.5	138.0
2018-08-16 13:00:00	128.0	52.7	216.6		134.7	141.5
2018-08-16 14:00:00	121.0	68.7	214.4		141.6	152.0
2018-08-16 15:00:00	118.0	66.0	212.0		139.0	149.5
2018-08-16 16:00:00	107.0	65.0	199.6		132.3	138.0
2018-08-16 17:00:00	103.0	46.0	192.7		119.3	118.0
2018-08-16 18:00:00	107.0	46.1	167.8		107.0	108.0
2018-08-16 19:00:00	79.0	48.7	144.0		96.3	98.0
2018-08-16 20:00:00	77.0	50.2	133.3		91.7	93.5
2018-08-16 21:00:00	73.0	39.5	127.2		83.4	83.0
2018-08-16 22:00:00	59.0	28.4	122.7		75.6	81.0
2018-08-16 23:00:00	83.0	20.3	109.5		64.9	65.0
2018-08-17 00:00:00	50.0	14.5	106.6		60.6	63.0
2018-08-17 01:00:00	44.0	12.1	102.5		57.3	58.5
2018-08-17 02:00:00	43.0	10.3	101.0		55.7	56.5
2018-08-17 03:00:00	41.0	10.2	99.2		54.7	54.5
2018-08-17 04:00:00	38.0	9.4	100.0		54.7	56.5
2018-08-17 05:00:00	38.0	8.8	102.2		55.5	57.0
2018-08-17 06:00:00	37.0	12.6	107.7		60.1	61.5
2018-08-17 07:00:00	56.0	8.1	130.9		69.5	70.5
2018-08-17 08:00:00	75.0	1.7	167.9		84.8	84.5
2018-08-17 09:00:00	85.0	2.2	199.3		100.7	96.0
2018-08-17 10:00:00	98.0	6.1	215.6		110.8	122.5
2018-08-17 11:00:00	102.0	10.9	211.5		111.2	122.5
2018-08-17 12:00:00	89.0	18.3	212.5		115.4	125.5
2018-08-17 13:00:00	113.0	20.4	215.2		117.8	124.5
2018-08-17 14:00:00	106.0	28.7	219.1		123.9	124.5
2018-08-17 15:00:00	108.0	33.1	211.0		122.0	119.5
2018-08-17 16:00:00	104.0	39.1	195.4		117.2	113.0
2018-08-17 17:00:00	97.0	29.9	183.9		106.9	103.5
2018-08-17 18:00:00	77.0	30.3	161.8		96.1	95.0
2018-08-17 19:00:00	73.0	32.3	140.1		86.2	85.5
2018-08-17 20:00:00	71.0	36.0	128.7		82.3	84.0
2018-08-17 21:00:00	88.0	26.1	122.6		74.4	75.5
2018-08-17 22:00:00	50.0	18.8	120.0		69.4	73.0
2018-08-17 23:00:00	51.0	13.1	109.4		61.2	62.0
2018-08-18 00:00:00	42.0	8.3	107.7		58.0	57.5
2018-08-18 01:00:00	38.0	6.4	104.0		55.2	48.0
2018-08-18 02:00:00	38.0	3.8	104.1		54.0	45.5
2018-08-18 03:00:00	37.0	3.6	102.5		53.1	44.5
2018-08-18 04:00:00	38.0	3.4	101.8		52.6	45.0
2018-08-18 05:00:00	36.0	3.4	102.0		52.7	45.0
2018-08-18 06:00:00	38.0	5.3	105.4		55.4	53.7
2018-08-18 07:00:00	48.0	-0.3	121.9		60.8	59.5
2018-08-18 08:00:00	49.0	-8.4	147.8		69.7	68.0
2018-08-18 09:00:00	52.0	-18.5	174.7		78.1	71.0
2018-08-18 10:00:00	55.0	-23.4	192.4		84.5	72.5
2018-08-18 11:00:00	61.0	-13.5	189.4		88.0	78.0
2018-08-18 12:00:00	68.0	-4.5	192.4		93.9	88.7
2018-08-18 13:00:00	76.0	7.8	191.3		99.5	89.0
2018-08-18 14:00:00	84.0	14.4	195.0		104.7	101.6
2018-08-18 15:00:00	83.0	25.3	185.4		105.4	102.5
2018-08-18 16:00:00	78.0	34.8	170.1		102.5	98.5
2018-08-18 17:00:00	81.0	28.9	158.3		93.6	95.0
2018-08-18 18:00:00	59.0	35.7	136.5		86.1	83.0
2018-08-18 19:00:00	59.0	38.1	120.0		79.0	80.0
2018-08-18 20:00:00	60.0	37.9	117.4		77.6	78.7
2018-08-18 21:00:00	58.0	25.5	117.1		71.3	69.5
2018-08-18 22:00:00	39.0	17.6	113.7		65.6	64.5
2018-08-18 23:00:00	41.0	12.4	104.3		58.3	58.5
2018-08-19 00:00:00	36.0	7.9	103.5		55.7	49.0
2018-08-19 01:00:00	36.0	4.2	103.3		53.8	46.0
2018-08-19 02:00:00	36.0	1.7	103.3		52.5	45.5
2018-08-19 03:00:00	35.0	2.0	101.7		51.8	44.5
2018-08-19 04:00:00	35.0	1.9	101.8		51.8	45.0
2018-08-19 05:00:00	36.0	1.5	103.0		52.3	45.0
2018-08-19 06:00:00	34.0	5.4	104.3		54.9	53.7
2018-08-19 07:00:00	36.0	0.2	122.2		61.2	57.0
2018-08-19 08:00:00	37.0	-13.4	156.0		71.3	65.9
2018-08-19 09:00:00	37.0	-28.2	192.9		82.3	71.0
2018-08-19 10:00:00	40.0	-33.1	212.6		89.7	72.5
2018-08-19 11:00:00	50.0	-24.1	210.5		93.2	78.0
2018-08-19 12:00:00	64.0	-14.9	211.3		98.2	88.7
2018-08-19 13:00:00	62.0	-4.4	214.4		105.0	93.0
2018-08-19 14:00:00	65.0	2.2	219.4		110.8	101.6
2018-08-19 15:00:00	71.0	13.4	208.0		110.7	102.5
2018-08-19 16:00:00	76.0	24.7	186.8		105.8	98.5
2018-08-19 17:00:00	74.0	23.8	168.8		96.3	96.5
2018-08-19 18:00:00	57.0	28.1	150.6		89.4	83.0
2018-08-19 19:00:00	63.0	23.6	143.0		83.3	80.5
2018-08-19 20:00:00	61.0	25.3	137.2		81.3	79.8
2018-08-19 21:00:00	63.0	21.9	127.1		74.5	72.7
2018-08-19 22:00:00	44.0	21.1	114.6		67.8	67.5
2018-08-19 23:00:00	45.0	17.4	106.0		61.7	60.0
2018-08-20 00:00:00	42.0	15.8	101.7		58.8	58.0
2018-08-20 01:00:00	38.0	14.0	100.4		57.2	56.5
2018-08-20 02:00:00	36.0	12.1	99.1		55.6	52.0
2018-08-20 03:00:00	37.0	10.5	98.0		54.3	52.0
2018-08-20 04:00:00	36.0	10.3	97.8		54.0	53.0
2018-08-20 05:00:00	35.0	9.9	100.0		54.9	54.5
2018-08-20 06:00:00	37.0	11.6	103.2		57.4	56.5
2018-08-20 07:00:00	57.0	-2.2	134.3		66.1	64.5
2018-08-20 08:00:00	77.0	-20.2	182.2		81.0	76.0
2018-08-20 09:00:00	93.0	-26.5	223.2		98.3	100.0
2018-08-20 10:00:00	117.0	-25.1	240.7		107.8	110.0
2018-08-20 11:00:00	117.0	-14.2	234.8		110.3	110.0
2018-08-20 12:00:00	99.0	-0.6	230.4		114.9	118.5
2018-08-20 13:00:00	120.0	9.7	231.2		120.4	116.5
2018-08-20 14:00:00	122.0	18.0	234.8		126.4	120.5
2018-08-20 15:00:00	121.0	26.1	225.1		125.6	116.5
2018-08-20 16:00:00	110.0	29.2	209.5		119.4	113.5
2018-08-20 17:00:00	98.0	25.3	192.4		108.9	105.5
2018-08-20 18:00:00	75.0	31.0	169.7		100.4	99.0
2018-08-20 19:00:00	71.0	32.7	153.9		93.3	96.5
2018-08-20 20:00:00	68.0	33.5	145.4		89.5	89.1
2018-08-20 21:00:00	68.0	27.1	135.1		81.1	80.5
2018-08-20 22:00:00	67.0	25.7	118.1		71.9	75.0
2018-08-20 23:00:00	50.0	27.5	102.7		65.1	66.0
2018-08-21 00:00:00	55.0	25.3	97.4		61.3	61.0
2018-08-21 01:00:00	51.0	19.4	99.1		59.2	61.0
2018-08-21 02:00:00	47.0	16.2	98.5		57.3	60.0
2018-08-21 03:00:00	45.0	15.2	96.3		55.8	54.5
2018-08-21 04:00:00	42.0	15.6	95.8		55.7	55.5
2018-08-21 05:00:00	40.0	15.5	99.0		57.3	56.5
2018-08-21 06:00:00	47.0	15.7	107.9		61.8	58.0
2018-08-21 07:00:00	56.0	11.5	139.4		75.4	77.0
2018-08-21 08:00:00	80.0	11.1	182.7		96.9	93.5
2018-08-21 09:00:00	99.0	38.5	203.8		121.2	117.0
2018-08-21 10:00:00	103.0	68.9	200.9		134.9	138.5
2018-08-21 11:00:00	101.0	67.3	203.0		135.2	141.0
2018-08-21 12:00:00	98.0	67.1	206.0		136.5	141.0
2018-08-21 13:00:00	111.0	64.8	215.7		140.3	146.0
2018-08-21 14:00:00	111.0	81.6	211.2		146.4	151.7
2018-08-21 15:00:00	105.0	84.3	203.5		143.9	151.0
2018-08-21 16:00:00	106.0	73.4	196.0		134.7	135.4
2018-08-21 17:00:00	93.0	51.2	189.9		120.6	119.7
2018-08-21 18:00:00	84.0	46.7	169.6		108.1	112.0
2018-08-21 19:00:00	78.0	43.4	154.3		98.9	107.5
2018-08-21 20:00:00	70.0	40.1	148.8		94.4	95.0
2018-08-21 21:00:00	83.0	32.4	137.6		85.0	84.5
2018-08-21 22:00:00	51.0	30.4	120.1		75.3	77.5
2018-08-21 23:00:00	58.0	28.0	104.3		66.2	66.5
2018-08-22 00:00:00	48.0	26.9	96.0		61.5	60.5
2018-08-22 01:00:00	42.0	21.4	97.9		59.7	58.0
2018-08-22 02:00:00	35.0	19.7	97.1		58.4	59.5
2018-08-22 03:00:00	39.0	18.9	94.8		56.8	59.0
2018-08-22 04:00:00	39.0	20.1	93.5		56.8	59.0
2018-08-22 05:00:00	40.0	20.2	96.0		58.1	59.0
2018-08-22 06:00:00	44.0	20.1	105.3		62.7	62.5
2018-08-22 07:00:00	56.0	11.4	141.2		76.3	76.5
2018-08-22 08:00:00	81.0	11.5	182.7		97.1	91.0
2018-08-22 09:00:00	101.0	39.5	199.5		119.5	118.0
2018-08-22 10:00:00	112.0	64.1	197.8		131.0	138.5
2018-08-22 11:00:00	111.0	60.4	200.6		130.5	139.0
2018-08-22 12:00:00	84.0	67.9	198.6		133.3	139.0
2018-08-22 13:00:00	112.0	63.2	211.2		137.2	143.0
2018-08-22 14:00:00	126.0	76.8	208.3		142.5	151.7
2018-08-22 15:00:00	122.0	68.6	210.4		139.5	150.5
2018-08-22 16:00:00	123.0	59.3	202.4		130.9	136.4
2018-08-22 17:00:00	106.0	44.0	192.6		118.3	119.7
2018-08-22 18:00:00	75.0	49.2	167.0		108.1	110.0
2018-08-22 19:00:00	72.0	47.0	150.2		98.6	106.5
2018-08-22 20:00:00	70.0	38.5	148.2		93.4	96.0
2018-08-22 21:00:00	61.0	31.5	138.1		84.8	84.5
2018-08-22 22:00:00	58.0	27.5	122.9		75.2	79.5
2018-08-22 23:00:00	48.0	27.7	106.7		67.2	71.0
2018-08-23 00:00:00	43.0	25.8	99.9		62.9	65.0
2018-08-23 01:00:00	40.0	20.6	99.7		60.2	63.5
2018-08-23 02:00:00	38.0	18.4	99.5		59.0	62.5
2018-08-23 03:00:00	37.0	19.2	96.2		57.7	60.0
2018-08-23 04:00:00	40.0	19.7	96.3		58.0	59.5
2018-08-23 05:00:00	42.0	20.9	97.6		59.3	61.0
2018-08-23 06:00:00	40.0	22.1	107.0		64.6	64.0
2018-08-23 07:00:00	56.0	12.9	139.9		76.4	74.5
2018-08-23 08:00:00	83.0	11.7	178.6		95.2	90.0
2018-08-23 09:00:00	92.0	31.8	199.3		115.5	117.0
2018-08-23 10:00:00	97.0	55.9	198.5		127.2	132.5
2018-08-23 11:00:00	101.0	52.7	200.5		126.6	134.5
2018-08-23 12:00:00	88.0	54.6	203.3		129.0	134.5
2018-08-23 13:00:00	110.0	52.1	214.6		133.4	140.0
2018-08-23 14:00:00	117.0	59.5	217.7		138.6	151.0
2018-08-23 15:00:00	104.0	53.8	217.0		135.4	147.0
2018-08-23 16:00:00	74.0	52.7	201.5		127.1	132.0
2018-08-23 17:00:00	89.0	38.3	188.3		113.3	113.5
2018-08-23 18:00:00	83.0	39.4	165.4		102.4	106.5
2018-08-23 19:00:00	72.0	37.8	147.3		92.5	98.5
2018-08-23 20:00:00	67.0	28.0	146.6		87.3	93.0
2018-08-23 21:00:00	56.0	29.4	131.0		80.2	80.5
2018-08-23 22:00:00	55.0	23.9	120.1		72.0	71.0
2018-08-23 23:00:00	53.0	22.1	107.8		65.0	69.0
2018-08-24 00:00:00	45.0	19.1	101.4		60.2	59.5
2018-08-24 01:00:00	47.0	16.6	98.9		57.7	57.0
2018-08-24 02:00:00	45.0	16.0	97.9		57.0	57.0
2018-08-24 03:00:00	43.0	16.7	96.3		56.5	58.5
2018-08-24 04:00:00	43.0	16.7	98.3		57.5	59.0
2018-08-24 05:00:00	43.0	18.5	99.1		58.8	59.5
2018-08-24 06:00:00	49.0	18.3	104.8		61.5	62.0
2018-08-24 07:00:00	58.0	6.4	132.8		69.6	67.5
2018-08-24 08:00:00	66.0	-2.8	170.0		83.6	81.0
2018-08-24 09:00:00	83.0	-1.7	197.5		97.9	91.0
2018-08-24 10:00:00	93.0	2.7	209.2		106.0	99.0
2018-08-24 11:00:00	90.0	4.5	207.2		105.8	99.0
2018-08-24 12:00:00	85.0	8.3	209.3		108.8	105.0
2018-08-24 13:00:00	91.0	10.5	217.6		114.1	109.5
2018-08-24 14:00:00	101.0	11.6	225.1		118.4	113.5
2018-08-24 15:00:00	70.0	15.9	218.3		117.1	111.4
2018-08-24 16:00:00	83.0	15.9	204.1		110.0	102.5
2018-08-24 17:00:00	81.0	18.5	182.7		100.6	94.0
2018-08-24 18:00:00	70.0	24.6	161.1		92.9	89.0
2018-08-24 19:00:00	61.0	28.7	140.5		84.6	85.0
2018-08-24 20:00:00	59.0	22.1	137.6		79.8	77.5
2018-08-24 21:00:00	56.0	24.7	123.4		74.0	71.5
2018-08-24 22:00:00	67.0	20.5	114.9		67.7	65.5
2018-08-24 23:00:00	51.0	19.5	106.3		62.9	63.5
2018-08-25 00:00:00	44.0	14.8	102.5		58.7	57.0
2018-08-25 01:00:00	42.0	15.0	97.4		56.2	52.0
2018-08-25 02:00:00	40.0	14.0	96.4		55.2	48.0
2018-08-25 03:00:00	41.0	13.3	96.8		55.1	48.5
2018-08-25 04:00:00	40.0	12.0	99.4		55.7	52.5
2018-08-25 05:00:00	40.0	12.7	100.4		56.5	57.5
2018-08-25 06:00:00	40.0	11.6	104.4		58.0	58.5
2018-08-25 07:00:00	42.0	6.2	118.2		62.2	60.5
2018-08-25 08:00:00	51.0	-2.2	142.5		70.2	67.0
2018-08-25 09:00:00	64.0	-7.4	165.0		78.8	75.9
2018-08-25 10:00:00	56.0	-7.6	176.6		84.5	82.1
2018-08-25 11:00:00	58.0	-4.3	174.2		85.0	82.4
2018-08-25 12:00:00	63.0	-1.7	174.9		86.6	83.0
2018-08-25 13:00:00	69.0	-0.5	181.9		90.7	85.0
2018-08-25 14:00:00	73.0	-2.2	190.8		94.3	87.0
2018-08-25 15:00:00	69.0	0.3	188.7		94.5	87.0
2018-08-25 16:00:00	68.0	5.2	178.8		92.0	87.0
2018-08-25 17:00:00	61.0	13.2	161.3		87.2	86.5
2018-08-25 18:00:00	59.0	19.7	145.7		82.7	84.1
2018-08-25 19:00:00	56.0	27.3	126.4		76.9	76.7
2018-08-25 20:00:00	55.0	21.9	124.1		73.0	73.5
2018-08-25 21:00:00	50.0	24.7	112.3		68.5	66.5
2018-08-25 22:00:00	52.0	16.8	109.1		62.9	60.5
2018-08-25 23:00:00	40.0	14.3	103.0		58.6	57.0
2018-08-26 00:00:00	36.0	9.6	99.5		54.5	50.0
2018-08-26 01:00:00	35.0	9.9	96.8		53.4	48.0
2018-08-26 02:00:00	38.0	9.2	96.3		52.7	48.0
2018-08-26 03:00:00	35.0	9.9	96.4		53.2	48.5
2018-08-26 04:00:00	36.0	10.2	97.5		53.9	50.5
2018-08-26 05:00:00	36.0	11.3	98.0		54.6	55.0
2018-08-26 06:00:00	33.0	13.2	98.7		56.0	56.0
2018-08-26 07:00:00	36.0	8.9	111.5		60.2	56.0
2018-08-26 08:00:00	42.0	4.7	131.6		68.1	64.0
2018-08-26 09:00:00	50.0	0.9	153.3		77.1	76.4
2018-08-26 10:00:00	51.0	-4.3	171.0		83.3	79.0
2018-08-26 11:00:00	53.0	-5.0	175.4		85.2	78.5
2018-08-26 12:00:00	56.0	-5.1	181.8		88.4	78.5
2018-08-26 13:00:00	53.0	-0.6	185.1		92.2	83.0
2018-08-26 14:00:00	51.0	3.6	189.4		96.5	90.5
2018-08-26 15:00:00	59.0	4.8	187.8		96.3	91.0
2018-08-26 16:00:00	50.0	12.4	175.5		94.0	91.0
2018-08-26 17:00:00	51.0	14.0	162.3		88.2	87.5
2018-08-26 18:00:00	55.0	19.8	146.7		83.3	86.0
2018-08-26 19:00:00	48.0	23.5	134.3		78.9	79.2
2018-08-26 20:00:00	48.0	20.8	130.3		75.6	78.4
2018-08-26 21:00:00	46.0	20.5	119.6		70.1	72.4
2018-08-26 22:00:00	46.0	15.9	111.9		63.9	62.0
2018-08-26 23:00:00	33.0	15.5	103.5		59.5	59.0
2018-08-27 00:00:00	35.0	10.9	101.6		56.2	57.0
2018-08-27 01:00:00	34.0	11.9	99.2		55.6	55.0
2018-08-27 02:00:00	33.0	11.1	99.4		55.2	53.0
2018-08-27 03:00:00	34.0	10.9	99.4		55.2	54.0
2018-08-27 04:00:00	34.0	11.4	99.0		55.2	55.0
2018-08-27 05:00:00	39.0	11.2	99.7		55.5	56.0
2018-08-27 06:00:00	40.0	13.4	101.6		57.5	56.0
2018-08-27 07:00:00	54.0	6.5	121.5		64.0	63.5
2018-08-27 08:00:00	63.0	2.1	148.8		75.5	76.4
2018-08-27 09:00:00	77.0	4.3	172.0		88.1	82.9
2018-08-27 10:00:00	81.0	4.6	188.6		96.6	94.0
2018-08-27 11:00:00	92.0	4.0	191.5		97.7	94.0
2018-08-27 12:00:00	76.0	4.1	198.3		101.2	96.5
2018-08-27 13:00:00	96.0	3.3	202.3		102.8	99.5
2018-08-27 14:00:00	102.0	7.6	206.2		106.9	99.0
2018-08-27 15:00:00	93.0	8.8	203.7		106.2	100.5
2018-08-27 16:00:00	91.0	13.4	191.7		102.5	99.0
2018-08-27 17:00:00	85.0	12.7	176.0		94.4	91.0
2018-08-27 18:00:00	57.0	24.8	150.9		87.9	88.5
2018-08-27 19:00:00	61.0	27.0	135.8		81.4	85.5
2018-08-27 20:00:00	57.0	23.4	131.9		77.7	82.1
2018-08-27 21:00:00	57.0	18.7	124.2		71.5	75.9
2018-08-27 22:00:00	45.0	15.4	113.9		64.7	62.0
2018-08-27 23:00:00	43.0	13.6	105.9		59.7	58.0
2018-08-28 00:00:00	43.0	13.1	102.2		57.6	53.0
2018-08-28 01:00:00	42.0	14.6	100.8		57.7	57.0
2018-08-28 02:00:00	43.0	13.9	101.3		57.6	57.0
2018-08-28 03:00:00	40.0	13.9	100.1		57.0	57.0
2018-08-28 04:00:00	38.0	14.5	99.2		56.8	55.5
2018-08-28 05:00:00	39.0	16.2	98.6		57.4	56.0
2018-08-28 06:00:00	43.0	20.3	100.2		60.2	57.0
2018-08-28 07:00:00	53.0	18.4	119.3		68.8	71.5
2018-08-28 08:00:00	76.0	20.3	142.9		81.6	79.5
2018-08-28 09:00:00	89.0	33.9	160.0		96.9	95.0
2018-08-28 10:00:00	93.0	45.7	169.5		107.6	103.0
2018-08-28 11:00:00	95.0	47.8	171.9		109.8	111.5
2018-08-28 12:00:00	77.0	51.7	176.1		113.9	113.5
2018-08-28 13:00:00	97.0	47.4	183.2		115.3	114.5
2018-08-28 14:00:00	95.0	58.9	181.8		120.3	120.0
2018-08-28 15:00:00	99.0	56.0	181.6		118.8	122.0
2018-08-28 16:00:00	89.0	52.8	174.2		113.5	114.0
2018-08-28 17:00:00	88.0	29.8	172.3		101.1	98.5
2018-08-28 18:00:00	73.0	31.1	148.4		89.7	88.5
2018-08-28 19:00:00	66.0	33.4	131.0		82.2	88.0
2018-08-28 20:00:00	61.0	33.1	126.6		79.8	85.5
2018-08-28 21:00:00	59.0	24.2	125.2		74.7	78.0
2018-08-28 22:00:00	48.0	21.0	114.6		67.8	71.0
2018-08-28 23:00:00	48.0	17.7	107.0		62.4	61.0
2018-08-29 00:00:00	49.0	17.7	101.7		59.7	57.3
2018-08-29 01:00:00	48.0	17.2	101.3		59.3	58.0
2018-08-29 02:00:00	43.0	16.7	101.2		59.0	57.0
2018-08-29 03:00:00	42.0	15.6	100.8		58.2	57.0
2018-08-29 04:00:00	41.0	14.3	100.9		57.6	55.0
2018-08-29 05:00:00	41.0	15.2	100.1		57.7	55.5
2018-08-29 06:00:00	43.0	19.4	100.1		59.8	57.0
2018-08-29 07:00:00	53.0	19.4	117.3		68.4	72.5
2018-08-29 08:00:00	77.0	20.6	143.5		82.0	81.5
2018-08-29 09:00:00	82.0	42.9	153.5		98.2	96.0
2018-08-29 10:00:00	88.0	46.2	165.6		105.9	109.5
2018-08-29 11:00:00	93.0	46.1	170.7		108.4	114.0
2018-08-29 12:00:00	88.0	45.5	178.0		111.7	118.5
2018-08-29 13:00:00	103.0	55.7	176.8		116.2	120.0
2018-08-29 14:00:00	98.0	69.1	169.6		119.4	120.0
2018-08-29 15:00:00	98.0	65.8	171.8		118.8	124.0
2018-08-29 16:00:00	92.0	60.6	168.3		114.4	115.0
2018-08-29 17:00:00	78.0	36.3	172.4		104.3	103.0
2018-08-29 18:00:00	56.0	39.3	147.0		93.1	90.0
2018-08-29 19:00:00	68.0	42.2	125.4		83.8	88.0
2018-08-29 20:00:00	60.0	41.5	120.0		80.8	86.0
2018-08-29 21:00:00	54.0	32.1	119.2		75.6	78.0
2018-08-29 22:00:00	47.0	25.0	112.1		68.5	73.0
2018-08-29 23:00:00	48.0	19.2	106.3		62.8	60.0
2018-08-30 00:00:00	40.0	19.2	100.7		59.9	55.0
2018-08-30 01:00:00	40.0	17.0	101.2		59.1	55.0
2018-08-30 02:00:00	41.0	16.4	99.9		58.2	55.0
2018-08-30 03:00:00	38.0	16.9	97.8		57.4	55.0
2018-08-30 04:00:00	38.0	16.2	97.5		56.8	54.0
2018-08-30 05:00:00	39.0	17.4	96.6		57.0	54.0
2018-08-30 06:00:00	41.0	20.5	98.0		59.3	56.0
2018-08-30 07:00:00	52.0	18.1	118.3		68.2	72.0
2018-08-30 08:00:00	69.0	15.2	152.2		83.7	81.0
2018-08-30 09:00:00	88.0	37.3	164.3		100.8	98.0
2018-08-30 10:00:00	95.0	41.5	177.3		109.4	118.0
2018-08-30 11:00:00	49.0	63.3	165.7	abnormal	114.5	118.5
2018-08-30 12:00:00	0.0	46.4	183.6	abnormal	115.0	120.5
2018-08-30 13:00:00	0.0	64.4	177.8	abnormal	121.1	124.0
2018-08-30 14:00:00	0.0	73.5	175.1	abnormal	124.3	129.0
2018-08-30 15:00:00	0.0	71.5	175.3	abnormal	123.4	129.0
2018-08-30 16:00:00	0.0	62.5	172.6	abnormal	117.5	123.0
2018-08-30 17:00:00	0.0	37.1	175.5	abnormal	106.3	103.0
2018-08-30 18:00:00	0.0	35.3	152.3	abnormal	93.8	96.0
2018-08-30 19:00:00	0.0	42.8	127.3	abnormal	85.1	88.0
2018-08-30 20:00:00	0.0	42.3	120.3	abnormal	81.3	86.0
2018-08-30 21:00:00	0.0	33.7	118.2	abnormal	75.9	81.0
2018-08-30 22:00:00	0.0	24.3	113.6	abnormal	69.0	73.0
2018-08-30 23:00:00	0.0	18.4	108.0	abnormal	63.2	66.0
2018-08-31 00:00:00	0.0	15.0	103.9	abnormal	59.5	57.0
2018-08-31 01:00:00	0.0	13.2	103.1	abnormal	58.1	53.0
2018-08-31 02:00:00	0.0	14.2	100.0	abnormal	57.1	53.0
2018-08-31 03:00:00	0.0	14.7	98.5	abnormal	56.6	53.0
2018-08-31 04:00:00	0.0	15.6	96.9	abnormal	56.2	53.0
2018-08-31 05:00:00	0.0	16.4	96.5	abnormal	56.4	53.0
2018-08-31 06:00:00	0.0	19.5	96.4	abnormal	58.0	54.0
2018-08-31 07:00:00	0.0	12.6	118.1	abnormal	65.3	69.0
2018-08-31 08:00:00	0.0	0.7	159.1	abnormal	79.9	75.0
2018-08-31 09:00:00	0.0	12.3	179.1	abnormal	95.7	95.0
2018-08-31 10:00:00	0.0	12.7	193.8	abnormal	103.3	121.0
2018-08-31 11:00:00	0.0	14.6	196.5	abnormal	105.5	120.5
2018-08-31 12:00:00	0.0	14.7	203.7	abnormal	109.2	122.0
2018-08-31 13:00:00	0.0	34.0	199.7	abnormal	116.8	128.4
2018-08-31 14:00:00	0.0	44.5	195.7	abnormal	120.1	134.8
2018-08-31 15:00:00	0.0	47.8	192.0	abnormal	119.9	131.8
2018-08-31 16:00:00	0.0	44.8	184.2	abnormal	114.5	119.8
2018-08-31 17:00:00	0.0	33.7	177.0	abnormal	105.3	101.5
2018-08-31 18:00:00	0.0	38.1	150.8	abnormal	94.4	95.0
2018-08-31 19:00:00	0.0	46.6	124.2	abnormal	85.4	86.0
2018-08-31 20:00:00	0.0	42.2	117.7	abnormal	79.9	81.5
2018-08-31 21:00:00	0.0	36.3	110.7	abnormal	73.5	76.5
2018-08-31 22:00:00	0.0	26.3	108.7	abnormal	67.5	73.0
2018-08-31 23:00:00	0.0	20.4	105.2	abnormal	62.8	69.0
