dateTime	initialValue	lowerLim	upperLim	check	meanSubst	medianSubst
2018-07-01 00:00:00	25.0	17.5	34.0		25.8	24.9
2018-07-01 01:00:00	24.0	10.5	43.0		26.8	25.0
2018-07-01 02:00:00	17.0	10.1	43.6		26.9	25.0
2018-07-01 03:00:00	16.0	8.0	44.2		26.1	24.5
2018-07-01 04:00:00	16.0	0.4	41.8		21.1	23.0
2018-07-01 05:00:00	16.0	-1.3	39.9		19.3	21.0
2018-07-01 06:00:00	16.0	-5.4	42.9		18.8	16.5
2018-07-01 07:00:00	16.0	-2.0	46.4		22.2	23.5
2018-07-01 08:00:00	16.0	-1.4	48.4		23.5	23.5
2018-07-01 09:00:00	16.0	-1.0	52.8		25.9	25.0
2018-07-01 10:00:00	19.0	-7.0	65.2		29.1	26.0
2018-07-01 11:00:00	19.0	-7.4	71.8		32.2	27.5
2018-07-01 12:00:00	20.0	-13.4	85.6		36.1	33.0
2018-07-01 13:00:00	18.0	-13.8	89.8		38.0	37.0
2018-07-01 14:00:00	22.0	-17.3	96.8		39.8	42.0
2018-07-01 15:00:00	21.0	-21.0	98.6		38.8	40.0
2018-07-01 16:00:00	21.0	-20.6	96.8		38.1	34.5
2018-07-01 17:00:00	23.0	-15.7	89.7		37.0	32.0
2018-07-01 18:00:00	22.0	-8.8	78.1		34.7	32.0
2018-07-01 19:00:00	24.0	-3.7	69.2		32.8	31.5
2018-07-01 20:00:00	22.0	0.9	59.8		30.3	31.0
2018-07-01 21:00:00	23.0	8.3	48.9		28.6	27.0
2018-07-01 22:00:00	24.0	14.2	38.6		26.4	25.4
2018-07-01 23:00:00	23.0	17.6	33.0		25.3	24.4
2018-07-02 00:00:00	24.0	16.0	34.1		25.1	24.0
2018-07-02 01:00:00	24.0	8.9	43.2		26.0	24.5
2018-07-02 02:00:00	24.0	7.5	44.5		26.0	24.5
2018-07-02 03:00:00	23.0	5.6	44.7		25.1	24.0
2018-07-02 04:00:00	24.0	-1.2	41.1		20.0	21.0
2018-07-02 05:00:00	24.0	-1.3	36.5		17.6	16.0
2018-07-02 06:00:00	24.0	-1.0	34.0		16.5	15.5
2018-07-02 07:00:00	23.0	1.6	38.8		20.2	19.9
2018-07-02 08:00:00	24.0	2.0	44.1		23.1	23.0
2018-07-02 09:00:00	23.0	-6.0	62.5		28.3	28.0
2018-07-02 10:00:00	25.0	-9.0	75.9		33.4	30.3
2018-07-02 11:00:00	21.0	-11.4	89.8		39.2	31.5
2018-07-02 12:00:00	26.0	-15.0	107.4		46.2	44.5
2018-07-02 13:00:00	34.0	-10.8	110.2		49.7	50.5
2018-07-02 14:00:00	40.0	-6.8	112.9		53.0	56.5
2018-07-02 15:00:00	40.0	-7.1	109.7		51.3	59.5
2018-07-02 16:00:00	24.0	-10.2	108.0		48.9	50.0
2018-07-02 17:00:00	29.0	-14.1	99.5		42.7	41.5
2018-07-02 18:00:00	36.0	-13.5	84.1		35.3	30.5
2018-07-02 19:00:00	32.0	-9.8	74.7		32.5	28.0
2018-07-02 20:00:00	31.0	-5.0	65.8		30.4	26.0
2018-07-02 21:00:00	24.0	2.7	57.3		30.0	26.0
2018-07-02 22:00:00	24.0	8.0	47.3		27.7	24.5
2018-07-02 23:00:00	23.0	13.1	39.3		26.2	24.0
2018-07-03 00:00:00	23.0	15.3	36.3		25.8	24.0
2018-07-03 01:00:00	22.0	9.0	45.8		27.4	25.0
2018-07-03 02:00:00	23.0	8.2	48.1		28.2	26.5
2018-07-03 03:00:00	23.0	6.2	48.1		27.2	25.0
2018-07-03 04:00:00	22.0	-3.1	45.3		21.1	22.5
2018-07-03 05:00:00	12.0	-1.2	35.9		17.4	16.0
2018-07-03 06:00:00	15.0	-0.0	31.4		15.7	14.0
2018-07-03 07:00:00	20.0	1.2	38.1		19.6	19.4
2018-07-03 08:00:00	21.0	3.1	46.9		25.0	25.0
2018-07-03 09:00:00	33.0	-9.8	79.1		34.6	28.5
2018-07-03 10:00:00	39.0	-6.2	90.2		42.0	34.9
2018-07-03 11:00:00	45.0	-3.5	102.1		49.3	57.1
2018-07-03 12:00:00	29.0	0.0	112.4		56.2	59.0
2018-07-03 13:00:00	54.0	10.0	111.7		60.8	63.0
2018-07-03 14:00:00	54.0	26.3	104.1		65.2	66.8
2018-07-03 15:00:00	67.0	26.4	101.5		63.9	66.4
2018-07-03 16:00:00	62.0	9.8	109.2		59.5	66.2
2018-07-03 17:00:00	31.0	-7.4	110.3		51.5	56.4
2018-07-03 18:00:00	18.0	-10.7	92.4		40.9	36.5
2018-07-03 19:00:00	16.0	-4.4	75.6		35.6	32.5
2018-07-03 20:00:00	25.0	1.7	63.1		32.4	31.5
2018-07-03 21:00:00	25.0	8.5	54.5		31.5	30.5
2018-07-03 22:00:00	24.0	11.0	47.5		29.3	28.3
2018-07-03 23:00:00	24.0	12.4	44.0		28.2	27.5
2018-07-04 00:00:00	23.0	12.4	42.9		27.7	27.0
2018-07-04 01:00:00	32.0	10.1	43.9		27.0	26.0
2018-07-04 02:00:00	41.0	11.7	40.9	abnormal	26.3	25.0
2018-07-04 03:00:00	40.0	11.9	37.7	abnormal	24.8	24.0
2018-07-04 04:00:00	24.0	-2.4	43.1		20.3	21.5
2018-07-04 05:00:00	13.0	0.4	34.0		17.2	16.5
2018-07-04 06:00:00	17.0	-0.9	34.0		16.5	14.0
2018-07-04 07:00:00	25.0	0.0	42.4		21.2	20.5
2018-07-04 08:00:00	25.0	-0.9	56.0		27.6	26.0
2018-07-04 09:00:00	33.0	-12.0	90.1		39.1	32.0
2018-07-04 10:00:00	62.0	1.0	94.9		48.0	48.5
2018-07-04 11:00:00	51.0	14.3	100.8		57.5	62.0
2018-07-04 12:00:00	59.0	15.2	108.7		61.9	63.3
2018-07-04 13:00:00	54.0	21.2	109.4		65.3	69.1
2018-07-04 14:00:00	68.0	27.5	105.0		66.3	70.0
2018-07-04 15:00:00	65.0	33.1	98.1		65.6	67.7
2018-07-04 16:00:00	82.0	18.0	102.5		60.3	65.5
2018-07-04 17:00:00	54.0	-3.6	109.5		53.0	55.5
2018-07-04 18:00:00	40.0	-9.8	93.4		41.8	37.0
2018-07-04 19:00:00	36.0	-4.4	77.9		36.7	34.5
2018-07-04 20:00:00	31.0	7.4	61.1		34.2	33.0
2018-07-04 21:00:00	34.0	12.6	53.8		33.2	32.5
2018-07-04 22:00:00	29.0	15.2	47.0		31.1	30.0
2018-07-04 23:00:00	26.0	14.9	43.7		29.3	29.0
2018-07-05 00:00:00	27.0	14.0	42.7		28.4	28.0
2018-07-05 01:00:00	26.0	10.8	44.4		27.6	26.5
2018-07-05 02:00:00	24.0	11.1	43.7		27.4	26.5
2018-07-05 03:00:00	24.0	10.3	41.5		25.9	24.0
2018-07-05 04:00:00	23.0	-2.3	44.2		20.9	22.5
2018-07-05 05:00:00	12.0	1.1	34.6		17.9	17.0
2018-07-05 06:00:00	16.0	-1.8	37.7		17.9	17.0
2018-07-05 07:00:00	22.0	1.6	44.7		23.1	21.0
2018-07-05 08:00:00	44.0	1.9	56.6		29.3	28.0
2018-07-05 09:00:00	51.0	-8.3	86.9		39.3	36.5
2018-07-05 10:00:00	68.0	5.1	91.4		48.3	48.5
2018-07-05 11:00:00	50.0	16.4	96.3		56.4	59.2
2018-07-05 12:00:00	42.0	25.1	94.8		60.0	61.0
2018-07-05 13:00:00	45.0	26.6	97.8		62.2	62.5
2018-07-05 14:00:00	39.0	34.5	93.5		64.0	65.1
2018-07-05 15:00:00	39.0	37.2	94.0		65.6	67.0
2018-07-05 16:00:00	51.0	24.3	102.1		63.2	66.3
2018-07-05 17:00:00	37.0	4.1	111.9		58.0	65.0
2018-07-05 18:00:00	36.0	-10.7	105.8		47.5	43.5
2018-07-05 19:00:00	33.0	-9.9	89.9		40.0	36.0
2018-07-05 20:00:00	25.0	3.7	67.2		35.4	33.0
2018-07-05 21:00:00	30.0	15.8	48.2		32.0	32.5
2018-07-05 22:00:00	26.0	19.3	40.5		29.9	30.0
2018-07-05 23:00:00	26.0	15.0	41.3		28.2	28.3
2018-07-06 00:00:00	24.0	12.8	42.7		27.8	27.5
2018-07-06 01:00:00	25.0	11.4	41.7		26.6	25.5
2018-07-06 02:00:00	23.0	14.3	37.3		25.8	25.0
2018-07-06 03:00:00	27.0	15.3	33.6		24.5	24.0
2018-07-06 04:00:00	23.0	0.8	39.9		20.3	22.5
2018-07-06 05:00:00	13.0	2.1	34.5		18.3	18.4
2018-07-06 06:00:00	17.0	-1.9	40.1		19.1	17.4
2018-07-06 07:00:00	21.0	4.0	45.6		24.8	24.0
2018-07-06 08:00:00	28.0	4.1	57.6		30.9	30.0
2018-07-06 09:00:00	45.0	-6.7	78.8		36.1	30.5
2018-07-06 10:00:00	42.0	-8.7	92.1		41.7	43.0
2018-07-06 11:00:00	37.0	-12.1	102.9		45.4	48.0
2018-07-06 12:00:00	31.0	-13.4	107.2		46.9	51.5
2018-07-06 13:00:00	56.0	-15.2	109.2		47.0	54.4
2018-07-06 14:00:00	56.0	-14.6	111.2		48.3	55.4
2018-07-06 15:00:00	57.0	-11.7	113.6		50.9	56.0
2018-07-06 16:00:00	64.0	-12.8	113.9		50.6	56.0
2018-07-06 17:00:00	56.0	-16.9	112.9		48.0	49.5
2018-07-06 18:00:00	39.0	-17.9	103.0		42.6	40.5
2018-07-06 19:00:00	33.0	-11.8	87.3		37.7	36.0
2018-07-06 20:00:00	24.0	1.9	67.6		34.7	33.0
2018-07-06 21:00:00	31.0	15.1	47.9		31.5	33.0
2018-07-06 22:00:00	25.0	17.6	42.0		29.8	30.0
2018-07-06 23:00:00	25.0	14.9	39.9		27.4	27.0
2018-07-07 00:00:00	22.0	10.5	43.8		27.2	25.5
2018-07-07 01:00:00	24.0	8.1	45.4		26.7	25.0
2018-07-07 02:00:00	25.0	8.8	44.9		26.8	25.5
2018-07-07 03:00:00	24.0	10.9	39.8		25.3	24.5
2018-07-07 04:00:00	24.0	-0.3	40.9		20.3	21.5
2018-07-07 05:00:00	12.0	1.0	34.4		17.7	18.0
2018-07-07 06:00:00	15.0	-2.6	38.1		17.8	16.5
2018-07-07 07:00:00	16.0	2.2	41.5		21.8	21.0
2018-07-07 08:00:00	33.0	-1.4	53.4		26.0	24.0
2018-07-07 09:00:00	31.0	-9.5	67.1		28.8	25.5
2018-07-07 10:00:00	17.0	-15.3	81.7		33.2	34.0
2018-07-07 11:00:00	13.0	-22.1	93.0		35.5	34.0
2018-07-07 12:00:00	15.0	-26.2	100.2		37.0	34.0
2018-07-07 13:00:00	16.0	-27.7	105.2		38.8	36.5
2018-07-07 14:00:00	13.0	-27.0	109.5		41.2	53.8
2018-07-07 15:00:00	13.0	-25.9	114.2		44.1	55.4
2018-07-07 16:00:00	13.0	-27.4	117.2		44.9	54.4
2018-07-07 17:00:00	14.0	-29.3	115.7		43.2	42.5
2018-07-07 18:00:00	16.0	-28.2	110.0		40.9	35.5
2018-07-07 19:00:00	15.0	-19.8	97.4		38.8	33.5
2018-07-07 20:00:00	26.0	-10.2	82.1		35.9	33.0
2018-07-07 21:00:00	25.0	2.9	61.4		32.2	31.0
2018-07-07 22:00:00	24.0	13.7	44.2		29.0	28.6
2018-07-07 23:00:00	24.0	13.0	40.9		26.9	25.0
2018-07-08 00:00:00	21.0	6.5	48.9		27.7	24.5
2018-07-08 01:00:00	30.0	4.6	50.3		27.4	24.0
2018-07-08 02:00:00	40.0	6.4	47.1		26.8	24.0
2018-07-08 03:00:00	33.0	11.1	38.5		24.8	24.0
2018-07-08 04:00:00	21.0	-0.8	40.3		19.8	22.0
2018-07-08 05:00:00	13.0	-0.3	34.3		17.0	17.5
2018-07-08 06:00:00	13.0	-2.2	35.8		16.8	15.5
2018-07-08 07:00:00	12.0	1.9	40.5		21.2	21.0
2018-07-08 08:00:00	13.0	-1.0	54.2		26.6	23.5
2018-07-08 09:00:00	12.0	-8.0	68.8		30.4	29.5
2018-07-08 10:00:00	12.0	-14.9	82.7		33.9	38.0
2018-07-08 11:00:00	13.0	-24.5	94.7		35.1	32.5
2018-07-08 12:00:00	13.0	-29.9	99.3		34.7	23.0
2018-07-08 13:00:00	15.0	-32.5	105.0		36.3	23.5
2018-07-08 14:00:00	15.0	-31.9	109.4		38.7	28.5
2018-07-08 15:00:00	12.0	-30.9	115.5		42.3	34.0
2018-07-08 16:00:00	12.0	-32.2	115.9		41.9	33.0
2018-07-08 17:00:00	19.0	-33.4	112.0		39.3	29.0
2018-07-08 18:00:00	32.0	-30.9	104.8		36.9	26.5
2018-07-08 19:00:00	33.0	-23.3	99.8		38.3	30.5
2018-07-08 20:00:00	24.0	-13.9	90.1		38.1	33.5
2018-07-08 21:00:00	24.0	-4.9	75.6		35.3	31.5
2018-07-08 22:00:00	25.0	6.7	55.7		31.2	31.0
2018-07-08 23:00:00	24.0	11.7	46.0		28.8	30.5
2018-07-09 00:00:00	21.0	7.0	52.4		29.7	29.0
2018-07-09 01:00:00	24.0	5.3	53.4		29.3	28.5
2018-07-09 02:00:00	24.0	5.1	52.3		28.7	26.5
2018-07-09 03:00:00	23.0	9.1	42.6		25.8	25.0
2018-07-09 04:00:00	23.0	-1.3	40.7		19.7	21.5
2018-07-09 05:00:00	11.0	-0.9	34.3		16.7	15.5
2018-07-09 06:00:00	16.0	-1.5	33.4		15.9	13.5
2018-07-09 07:00:00	20.0	1.3	38.4		19.8	20.0
2018-07-09 08:00:00	28.0	-3.7	53.6		24.9	22.5
2018-07-09 09:00:00	38.0	-14.5	75.1		30.3	25.5
2018-07-09 10:00:00	40.0	-18.7	91.0		36.2	38.0
2018-07-09 11:00:00	27.0	-25.2	108.1		41.4	39.5
2018-07-09 12:00:00	20.0	-25.7	115.9		45.1	53.5
2018-07-09 13:00:00	20.0	-23.3	118.8		47.8	55.0
2018-07-09 14:00:00	27.0	-17.6	118.9		50.7	56.5
2018-07-09 15:00:00	38.0	-17.6	124.3		53.3	63.0
2018-07-09 16:00:00	30.0	-18.9	124.5		52.8	59.5
2018-07-09 17:00:00	22.0	-22.8	119.6		48.4	50.0
2018-07-09 18:00:00	20.0	-22.6	106.6		42.0	34.5
2018-07-09 19:00:00	17.0	-18.7	100.7		41.0	32.5
2018-07-09 20:00:00	25.0	-15.6	92.3		38.4	31.0
2018-07-09 21:00:00	24.0	-7.6	78.6		35.5	30.0
2018-07-09 22:00:00	22.0	4.6	56.7		30.7	26.0
2018-07-09 23:00:00	25.0	9.5	46.4		28.0	26.0
2018-07-10 00:00:00	30.0	7.2	47.8		27.5	25.0
2018-07-10 01:00:00	40.0	7.9	45.5		26.7	24.5
2018-07-10 02:00:00	40.0	8.7	43.9		26.3	24.0
2018-07-10 03:00:00	28.0	11.8	37.9		24.9	23.5
2018-07-10 04:00:00	23.0	-0.1	39.5		19.7	21.5
2018-07-10 05:00:00	14.0	-1.0	34.8		16.9	16.5
2018-07-10 06:00:00	15.0	-3.8	38.3		17.3	16.0
2018-07-10 07:00:00	19.0	0.3	45.2		22.8	22.0
2018-07-10 08:00:00	24.0	0.5	59.9		30.2	28.5
2018-07-10 09:00:00	23.0	-4.8	80.3		37.8	36.5
2018-07-10 10:00:00	24.0	-2.7	91.1		44.2	40.5
2018-07-10 11:00:00	23.0	-4.9	101.2		48.1	51.0
2018-07-10 12:00:00	29.0	-2.6	107.1		52.3	56.5
2018-07-10 13:00:00	58.0	3.6	105.3		54.5	56.0
2018-07-10 14:00:00	55.0	16.8	101.3		59.0	59.5
2018-07-10 15:00:00	54.0	19.9	103.7		61.8	65.5
2018-07-10 16:00:00	71.0	7.3	110.5		58.9	64.0
2018-07-10 17:00:00	49.0	-12.1	115.8		51.8	55.5
2018-07-10 18:00:00	33.0	-20.2	102.9		41.3	36.0
2018-07-10 19:00:00	30.0	-18.3	94.4		38.1	30.0
2018-07-10 20:00:00	23.0	-12.9	84.9		36.0	28.5
2018-07-10 21:00:00	24.0	-4.2	72.4		34.1	27.0
2018-07-10 22:00:00	24.0	3.8	55.7		29.8	26.0
2018-07-10 23:00:00	24.0	8.6	45.5		27.1	26.0
2018-07-11 00:00:00	20.0	10.3	43.6		26.9	26.0
2018-07-11 01:00:00	21.0	10.1	44.3		27.2	26.5
2018-07-11 02:00:00	23.0	10.6	43.8		27.2	26.5
2018-07-11 03:00:00	23.0	11.1	40.1		25.6	24.0
2018-07-11 04:00:00	21.0	-0.8	40.6		19.9	21.5
2018-07-11 05:00:00	12.0	-3.3	38.7		17.7	16.5
2018-07-11 06:00:00	17.0	-8.1	44.2		18.1	15.5
2018-07-11 07:00:00	34.0	-4.1	51.6		23.7	21.5
2018-07-11 08:00:00	39.0	-3.9	64.4		30.2	27.0
2018-07-11 09:00:00	36.0	-9.1	86.8		38.8	33.0
2018-07-11 10:00:00	25.0	-6.7	101.9		47.6	51.0
2018-07-11 11:00:00	26.0	-1.7	107.0		52.7	55.0
2018-07-11 12:00:00	31.0	3.8	111.1		57.5	56.5
2018-07-11 13:00:00	57.0	13.8	102.8		58.3	56.0
2018-07-11 14:00:00	53.0	31.7	92.0		61.9	60.0
2018-07-11 15:00:00	64.0	36.6	90.2		63.4	63.5
2018-07-11 16:00:00	53.0	25.9	98.8		62.3	64.0
2018-07-11 17:00:00	31.0	6.1	106.7		56.4	62.0
2018-07-11 18:00:00	19.0	-9.0	98.8		44.9	48.0
2018-07-11 19:00:00	16.0	-10.5	87.1		38.3	34.5
2018-07-11 20:00:00	27.0	-10.3	76.0		32.9	27.5
2018-07-11 21:00:00	25.0	1.3	58.7		30.0	26.5
2018-07-11 22:00:00	24.0	9.4	44.4		26.9	25.0
2018-07-11 23:00:00	23.0	8.6	42.2		25.4	24.0
2018-07-12 00:00:00	19.0	10.8	39.7		25.3	24.5
2018-07-12 01:00:00	23.0	11.5	38.7		25.1	24.0
2018-07-12 02:00:00	23.0	12.7	38.5		25.6	24.0
2018-07-12 03:00:00	23.0	12.8	36.7		24.7	24.0
2018-07-12 04:00:00	23.0	-1.4	40.6		19.6	21.0
2018-07-12 05:00:00	11.0	-3.8	38.6		17.4	16.5
2018-07-12 06:00:00	36.0	-6.7	41.1		17.2	15.0
2018-07-12 07:00:00	40.0	-4.2	52.6		24.2	22.0
2018-07-12 08:00:00	30.0	-1.6	67.1		32.8	30.5
2018-07-12 09:00:00	26.0	-1.0	86.8		42.9	40.0
2018-07-12 10:00:00	56.0	1.4	101.4		51.4	52.8
2018-07-12 11:00:00	48.0	7.7	103.2		55.4	55.0
2018-07-12 12:00:00	31.0	13.3	104.3		58.8	57.0
2018-07-12 13:00:00	59.0	17.1	97.5		57.3	56.0
2018-07-12 14:00:00	62.0	32.3	90.2		61.3	62.5
2018-07-12 15:00:00	61.0	38.3	87.7		63.0	64.5
2018-07-12 16:00:00	75.0	26.7	96.2		61.4	64.0
2018-07-12 17:00:00	64.0	0.5	109.1		54.8	62.0
2018-07-12 18:00:00	48.0	-15.1	106.5		45.7	42.5
2018-07-12 19:00:00	36.0	-14.0	94.6		40.3	37.1
2018-07-12 20:00:00	28.0	-10.8	81.9		35.6	31.5
2018-07-12 21:00:00	25.0	0.5	61.2		30.8	27.0
2018-07-12 22:00:00	24.0	10.0	43.2		26.6	25.0
2018-07-12 23:00:00	25.0	10.9	38.5		24.7	23.5
2018-07-13 00:00:00	22.0	9.8	40.2		25.0	24.0
2018-07-13 01:00:00	24.0	10.8	38.7		24.8	24.0
2018-07-13 02:00:00	24.0	11.6	38.6		25.1	24.0
2018-07-13 03:00:00	24.0	11.9	37.1		24.5	24.0
2018-07-13 04:00:00	24.0	-1.2	40.1		19.5	20.5
2018-07-13 05:00:00	14.0	-4.9	39.0		17.0	13.5
2018-07-13 06:00:00	17.0	-7.0	39.1		16.1	12.5
2018-07-13 07:00:00	23.0	-9.0	51.0		21.0	17.0
2018-07-13 08:00:00	26.0	-14.2	70.3		28.1	22.5
2018-07-13 09:00:00	33.0	-17.4	92.2		37.4	32.5
2018-07-13 10:00:00	70.0	-14.7	105.8		45.6	52.8
2018-07-13 11:00:00	73.0	-11.3	109.5		49.1	55.0
2018-07-13 12:00:00	39.0	-14.2	117.5		51.6	55.0
2018-07-13 13:00:00	60.0	-13.2	111.7		49.2	54.0
2018-07-13 14:00:00	55.0	-8.1	111.9		51.9	58.7
2018-07-13 15:00:00	68.0	-2.3	108.6		53.1	59.7
2018-07-13 16:00:00	65.0	-3.0	110.3		53.7	62.0
2018-07-13 17:00:00	45.0	-11.9	111.8		50.0	58.8
2018-07-13 18:00:00	25.0	-20.8	106.8		43.0	41.6
2018-07-13 19:00:00	35.0	-17.2	94.4		38.6	36.0
2018-07-13 20:00:00	43.0	-11.2	80.7		34.7	32.0
2018-07-13 21:00:00	43.0	1.7	62.3		32.0	29.0
2018-07-13 22:00:00	27.0	8.7	48.1		28.4	26.5
2018-07-13 23:00:00	27.0	9.6	41.7		25.7	25.5
2018-07-14 00:00:00	22.0	10.9	38.4		24.7	24.0
2018-07-14 01:00:00	24.0	13.7	34.3		24.0	24.0
2018-07-14 02:00:00	24.0	14.9	33.2		24.1	24.0
2018-07-14 03:00:00	24.0	14.3	33.9		24.1	24.0
2018-07-14 04:00:00	24.0	0.3	38.9		19.6	21.0
2018-07-14 05:00:00	12.0	-1.7	34.8		16.6	14.0
2018-07-14 06:00:00	12.0	-1.2	30.8		14.8	12.5
2018-07-14 07:00:00	16.0	-4.9	41.2		18.2	16.0
2018-07-14 08:00:00	13.0	-17.8	68.3		25.3	20.0
2018-07-14 09:00:00	21.0	-25.9	91.0		32.6	24.0
2018-07-14 10:00:00	22.0	-28.2	108.5		40.1	39.5
2018-07-14 11:00:00	20.0	-27.0	111.9		42.5	49.0
2018-07-14 12:00:00	20.0	-27.1	112.5		42.7	50.5
2018-07-14 13:00:00	18.0	-24.4	106.3		41.0	44.5
2018-07-14 14:00:00	16.0	-23.7	108.8		42.6	51.5
2018-07-14 15:00:00	30.0	-24.3	110.2		42.9	56.0
2018-07-14 16:00:00	34.0	-25.6	112.3		43.3	51.0
2018-07-14 17:00:00	19.0	-27.1	108.8		40.9	40.5
2018-07-14 18:00:00	20.0	-31.0	104.3		36.7	30.0
2018-07-14 19:00:00	18.0	-21.4	92.5		35.6	31.5
2018-07-14 20:00:00	29.0	-10.6	78.1		33.8	32.5
2018-07-14 21:00:00	34.0	6.2	58.6		32.4	29.0
2018-07-14 22:00:00	29.0	11.8	46.9		29.3	28.0
2018-07-14 23:00:00	26.0	11.8	41.7		26.7	27.0
2018-07-15 00:00:00	20.0	10.5	41.4		25.9	26.0
2018-07-15 01:00:00	24.0	10.8	38.8		24.8	24.0
2018-07-15 02:00:00	27.0	11.5	37.5		24.5	24.0
2018-07-15 03:00:00	24.0	14.1	33.6		23.9	24.0
2018-07-15 04:00:00	24.0	1.3	37.9		19.6	21.0
2018-07-15 05:00:00	14.0	-0.6	34.7		17.0	15.5
2018-07-15 06:00:00	19.0	-2.9	33.9		15.5	12.5
2018-07-15 07:00:00	32.0	-9.7	47.5		18.9	16.0
2018-07-15 08:00:00	32.0	-24.0	75.5		25.8	18.5
2018-07-15 09:00:00	18.0	-27.5	94.2		33.4	23.5
2018-07-15 10:00:00	19.0	-27.1	106.8		39.8	39.5
2018-07-15 11:00:00	18.0	-25.6	109.4		41.9	49.0
2018-07-15 12:00:00	20.0	-26.4	110.7		42.2	50.5
2018-07-15 13:00:00	20.0	-25.7	108.3		41.3	44.5
2018-07-15 14:00:00	20.0	-24.7	110.1		42.7	52.5
2018-07-15 15:00:00	20.0	-25.8	114.9		44.5	57.2
2018-07-15 16:00:00	18.0	-26.3	117.5		45.6	56.3
2018-07-15 17:00:00	20.0	-28.6	115.0		43.2	48.0
2018-07-15 18:00:00	18.0	-28.5	104.1		37.8	37.0
2018-07-15 19:00:00	16.0	-16.9	85.9		34.5	31.5
2018-07-15 20:00:00	27.0	-5.2	67.6		31.2	28.5
2018-07-15 21:00:00	28.0	10.9	50.2		30.5	28.5
2018-07-15 22:00:00	27.0	13.0	44.2		28.6	28.0
2018-07-15 23:00:00	28.0	12.1	41.2		26.7	26.0
2018-07-16 00:00:00	30.0	10.5	40.6		25.6	26.0
2018-07-16 01:00:00	40.0	14.3	34.3	abnormal	24.3	24.0
2018-07-16 02:00:00	24.0	11.8	37.7		24.7	24.0
2018-07-16 03:00:00	22.0	14.4	33.6		24.0	24.0
2018-07-16 04:00:00	22.0	1.4	38.3		19.9	21.0
2018-07-16 05:00:00	17.0	-0.2	34.6		17.2	16.3
2018-07-16 06:00:00	20.0	-2.5	35.4		16.4	14.0
2018-07-16 07:00:00	27.0	-8.0	50.4		21.2	19.5
2018-07-16 08:00:00	25.0	-15.3	73.6		29.1	25.5
2018-07-16 09:00:00	28.0	-21.5	100.3		39.4	36.5
2018-07-16 10:00:00	62.0	-17.8	111.2		46.7	48.0
2018-07-16 11:00:00	59.0	-20.2	119.4		49.6	54.0
2018-07-16 12:00:00	37.0	-17.8	117.6		49.9	55.0
2018-07-16 13:00:00	60.0	-17.7	114.3		48.3	54.0
2018-07-16 14:00:00	68.0	-12.6	116.2		51.8	58.5
2018-07-16 15:00:00	71.0	-14.4	122.8		54.2	64.4
2018-07-16 16:00:00	84.0	-15.0	121.8		53.4	63.0
2018-07-16 17:00:00	64.0	-22.0	120.4		49.2	52.0
2018-07-16 18:00:00	49.0	-25.7	113.3		43.8	41.3
2018-07-16 19:00:00	38.0	-21.0	99.5		39.3	34.5
2018-07-16 20:00:00	27.0	-12.7	81.1		34.2	28.5
2018-07-16 21:00:00	26.0	8.1	51.5		29.8	28.0
2018-07-16 22:00:00	28.0	16.7	37.7		27.2	27.0
2018-07-16 23:00:00	27.0	14.8	37.9		26.3	26.5
2018-07-17 00:00:00	23.0	11.9	40.4		26.2	26.0
2018-07-17 01:00:00	25.0	12.4	37.5		24.9	24.0
2018-07-17 02:00:00	24.0	12.1	37.5		24.8	24.0
2018-07-17 03:00:00	24.0	14.3	33.4		23.9	23.5
2018-07-17 04:00:00	24.0	2.8	37.5		20.2	21.5
2018-07-17 05:00:00	14.0	1.1	34.3		17.7	17.5
2018-07-17 06:00:00	18.0	-2.2	37.5		17.7	16.0
2018-07-17 07:00:00	24.0	-7.1	54.2		23.6	21.5
2018-07-17 08:00:00	24.0	-6.2	72.5		33.1	31.9
2018-07-17 09:00:00	45.0	-5.4	96.0		45.3	42.3
2018-07-17 10:00:00	82.0	16.4	92.2		54.3	57.0
2018-07-17 11:00:00	61.0	9.6	107.4		58.5	58.5
2018-07-17 12:00:00	39.0	12.5	107.3		59.9	59.5
2018-07-17 13:00:00	55.0	10.5	108.6		59.5	62.9
2018-07-17 14:00:00	53.0	37.5	92.3		64.9	67.0
2018-07-17 15:00:00	81.0	41.9	91.1		66.5	67.5
2018-07-17 16:00:00	75.0	34.7	97.2		66.0	67.0
2018-07-17 17:00:00	47.0	9.2	111.8		60.5	66.0
2018-07-17 18:00:00	34.0	-6.0	112.6		53.3	48.0
2018-07-17 19:00:00	28.0	-9.6	103.7		47.1	39.5
2018-07-17 20:00:00	35.0	-11.9	90.2		39.1	37.0
2018-07-17 21:00:00	30.0	2.9	60.9		31.9	28.0
2018-07-17 22:00:00	27.0	17.6	35.9		26.7	27.0
2018-07-17 23:00:00	27.0	10.9	42.0		26.5	26.0
2018-07-18 00:00:00	23.0	8.6	44.2		26.4	25.0
2018-07-18 01:00:00	24.0	7.5	44.4		26.0	24.5
2018-07-18 02:00:00	23.0	12.1	38.3		25.2	24.5
2018-07-18 03:00:00	24.0	14.1	34.8		24.4	24.0
2018-07-18 04:00:00	22.0	3.0	38.6		20.8	21.0
2018-07-18 05:00:00	17.0	0.6	34.9		17.8	17.0
2018-07-18 06:00:00	20.0	-0.6	34.5		17.0	16.0
2018-07-18 07:00:00	37.0	-4.5	48.8		22.1	21.0
2018-07-18 08:00:00	41.0	-6.5	70.6		32.1	31.9
2018-07-18 09:00:00	39.0	-3.0	95.2		46.1	44.3
2018-07-18 10:00:00	61.0	15.1	97.2		56.1	57.0
2018-07-18 11:00:00	55.0	8.6	108.9		58.7	58.9
2018-07-18 12:00:00	41.0	10.1	109.6		59.9	60.4
2018-07-18 13:00:00	70.0	9.3	109.2		59.3	62.9
2018-07-18 14:00:00	70.0	34.3	96.9		65.6	67.9
2018-07-18 15:00:00	65.0	38.8	95.5		67.1	69.5
2018-07-18 16:00:00	65.0	27.8	103.3		65.5	69.0
2018-07-18 17:00:00	56.0	2.8	114.7		58.8	63.5
2018-07-18 18:00:00	44.0	-18.9	123.0		52.1	45.5
2018-07-18 19:00:00	44.0	-20.8	113.8		46.5	38.0
2018-07-18 20:00:00	44.0	-18.5	98.9		40.2	32.5
2018-07-18 21:00:00	36.0	1.0	67.0		34.0	29.0
2018-07-18 22:00:00	30.0	10.9	46.2		28.5	28.0
2018-07-18 23:00:00	29.0	8.7	45.8		27.2	26.0
2018-07-19 00:00:00	23.0	8.7	44.5		26.6	25.0
2018-07-19 01:00:00	25.0	7.5	44.4		26.0	24.0
2018-07-19 02:00:00	27.0	12.4	37.8		25.1	24.0
2018-07-19 03:00:00	25.0	15.1	34.0		24.6	24.0
2018-07-19 04:00:00	26.0	4.1	38.0		21.1	22.0
2018-07-19 05:00:00	19.0	1.6	35.5		18.6	18.5
2018-07-19 06:00:00	20.0	0.4	35.4		17.9	16.5
2018-07-19 07:00:00	25.0	-7.3	56.7		24.7	22.0
2018-07-19 08:00:00	31.0	-7.8	77.7		35.0	34.3
2018-07-19 09:00:00	34.0	3.5	93.3		48.4	49.9
2018-07-19 10:00:00	58.0	19.6	94.8		57.2	59.0
2018-07-19 11:00:00	51.0	16.4	101.6		59.0	59.4
2018-07-19 12:00:00	43.0	17.2	103.9		60.6	64.5
2018-07-19 13:00:00	65.0	14.8	106.6		60.7	67.0
2018-07-19 14:00:00	69.0	34.2	101.3		67.8	68.5
2018-07-19 15:00:00	84.0	35.7	102.1		68.9	70.0
2018-07-19 16:00:00	59.0	26.5	109.4		67.9	69.5
2018-07-19 17:00:00	41.0	8.0	113.6		60.8	63.5
2018-07-19 18:00:00	33.0	-12.8	117.7		52.4	50.0
2018-07-19 19:00:00	25.0	-13.7	107.0		46.6	39.8
2018-07-19 20:00:00	37.0	-14.3	94.4		40.0	36.0
2018-07-19 21:00:00	48.0	2.5	65.2		33.8	29.5
2018-07-19 22:00:00	44.0	10.8	46.9		28.8	28.0
2018-07-19 23:00:00	30.0	7.1	49.3		28.2	26.0
2018-07-20 00:00:00	23.0	6.0	51.1		28.5	26.0
2018-07-20 01:00:00	24.0	4.3	50.9		27.6	25.0
2018-07-20 02:00:00	24.0	6.7	45.6		26.1	24.5
2018-07-20 03:00:00	24.0	11.5	37.3		24.4	24.0
2018-07-20 04:00:00	24.0	3.2	37.9		20.5	21.0
2018-07-20 05:00:00	20.0	1.1	34.9		18.0	17.0
2018-07-20 06:00:00	22.0	3.1	30.7		16.9	16.0
2018-07-20 07:00:00	25.0	-8.8	54.6		22.9	19.5
2018-07-20 08:00:00	34.0	-21.0	85.6		32.3	25.5
2018-07-20 09:00:00	44.0	-19.1	106.1		43.5	39.7
2018-07-20 10:00:00	70.0	-12.6	112.5		50.0	57.0
2018-07-20 11:00:00	65.0	-12.0	112.2		50.1	57.0
2018-07-20 12:00:00	41.0	-13.1	113.6		50.2	59.4
2018-07-20 13:00:00	67.0	-14.5	114.2		49.8	58.0
2018-07-20 14:00:00	70.0	-16.1	127.5		55.7	62.0
2018-07-20 15:00:00	83.0	-15.1	130.1		57.5	64.0
2018-07-20 16:00:00	79.0	-17.9	130.5		56.3	61.0
2018-07-20 17:00:00	48.0	-18.1	121.3		51.6	57.0
2018-07-20 18:00:00	33.0	-24.2	115.4		45.6	39.0
2018-07-20 19:00:00	31.0	-19.1	102.9		41.9	33.0
2018-07-20 20:00:00	40.0	-14.6	88.9		37.2	30.0
2018-07-20 21:00:00	36.0	0.2	65.9		33.1	29.0
2018-07-20 22:00:00	34.0	7.3	49.9		28.6	26.5
2018-07-20 23:00:00	41.0	9.8	42.4		26.1	25.0
2018-07-21 00:00:00	32.0	7.0	45.8		26.4	24.0
2018-07-21 01:00:00	37.0	3.5	48.8		26.1	22.5
2018-07-21 02:00:00	21.0	2.8	49.9		26.4	23.0
2018-07-21 03:00:00	21.0	5.1	45.1		25.1	22.5
2018-07-21 04:00:00	20.0	1.3	39.8		20.6	21.0
2018-07-21 05:00:00	14.0	1.1	34.9		18.0	16.5
2018-07-21 06:00:00	15.0	3.7	29.1		16.4	15.5
2018-07-21 07:00:00	16.0	-9.2	52.4		21.6	17.0
2018-07-21 08:00:00	14.0	-24.8	84.7		29.9	21.5
2018-07-21 09:00:00	16.0	-27.8	105.1		38.7	36.0
2018-07-21 10:00:00	16.0	-24.8	113.3		44.2	49.5
2018-07-21 11:00:00	18.0	-22.2	110.6		44.2	48.0
2018-07-21 12:00:00	19.0	-21.9	108.3		43.2	49.0
2018-07-21 13:00:00	19.0	-24.7	111.7		43.5	49.0
2018-07-21 14:00:00	20.0	-30.2	124.8		47.3	58.5
2018-07-21 15:00:00	19.0	-30.7	130.0		49.6	61.0
2018-07-21 16:00:00	26.0	-32.5	128.3		47.9	57.5
2018-07-21 17:00:00	26.0	-28.8	115.8		43.5	42.5
2018-07-21 18:00:00	32.0	-27.7	106.2		39.2	32.5
2018-07-21 19:00:00	32.0	-19.9	96.7		38.4	32.0
2018-07-21 20:00:00	30.0	-11.2	82.8		35.8	31.5
2018-07-21 21:00:00	24.0	2.7	62.2		32.4	29.0
2018-07-21 22:00:00	24.0	12.1	44.8		28.5	27.5
2018-07-21 23:00:00	24.0	8.9	45.9		27.4	26.5
2018-07-22 00:00:00	19.0	6.6	50.0		28.3	28.0
2018-07-22 01:00:00	20.0	3.2	53.2		28.2	28.0
2018-07-22 02:00:00	20.0	3.5	51.1		27.3	23.5
2018-07-22 03:00:00	20.0	5.3	46.0		25.7	22.0
2018-07-22 04:00:00	22.0	0.3	41.0		20.6	21.0
2018-07-22 05:00:00	15.0	-1.3	37.5		18.1	16.0
2018-07-22 06:00:00	16.0	-0.9	34.7		16.9	15.0
2018-07-22 07:00:00	15.0	-9.4	53.6		22.1	16.5
2018-07-22 08:00:00	16.0	-26.2	87.5		30.7	22.0
2018-07-22 09:00:00	16.0	-30.7	109.6		39.5	39.0
2018-07-22 10:00:00	16.0	-28.3	118.8		45.2	47.5
2018-07-22 11:00:00	19.0	-27.6	119.3		45.8	48.0
2018-07-22 12:00:00	19.0	-27.5	116.6		44.5	44.0
2018-07-22 13:00:00	20.0	-29.1	118.2		44.5	46.5
2018-07-22 14:00:00	22.0	-29.1	120.7		45.8	52.0
2018-07-22 15:00:00	36.0	-29.6	122.9		46.7	54.5
2018-07-22 16:00:00	32.0	-34.9	126.8		46.0	54.5
2018-07-22 17:00:00	20.0	-37.0	124.8		43.9	42.0
2018-07-22 18:00:00	16.0	-35.6	118.2		41.3	32.0
2018-07-22 19:00:00	19.0	-22.6	102.4		39.9	32.0
2018-07-22 20:00:00	32.0	-9.4	81.8		36.2	32.0
2018-07-22 21:00:00	35.0	2.4	62.0		32.2	29.5
2018-07-22 22:00:00	32.0	15.2	41.4		28.3	27.5
2018-07-22 23:00:00	32.0	10.4	44.4		27.4	27.0
2018-07-23 00:00:00	27.0	8.7	46.4		27.6	27.3
2018-07-23 01:00:00	29.0	5.1	50.1		27.6	26.8
2018-07-23 02:00:00	30.0	7.4	46.8		27.1	27.3
2018-07-23 03:00:00	28.0	7.8	45.7		26.7	26.9
2018-07-23 04:00:00	29.0	0.5	44.2		22.3	21.5
2018-07-23 05:00:00	19.0	-1.6	41.2		19.8	18.5
2018-07-23 06:00:00	32.0	-0.2	36.9		18.3	16.0
2018-07-23 07:00:00	32.0	-8.9	58.6		24.9	22.0
2018-07-23 08:00:00	39.0	-19.9	88.8		34.5	28.5
2018-07-23 09:00:00	52.0	-21.3	112.1		45.4	46.1
2018-07-23 10:00:00	85.0	-14.7	119.4		52.3	57.5
2018-07-23 11:00:00	71.0	-16.7	126.8		55.0	59.5
2018-07-23 12:00:00	71.0	-18.5	130.0		55.8	58.5
2018-07-23 13:00:00	73.0	-19.3	130.5		55.6	58.5
2018-07-23 14:00:00	69.0	-12.9	129.6		58.4	64.5
2018-07-23 15:00:00	71.0	-10.2	129.0		59.4	68.0
2018-07-23 16:00:00	69.0	-17.4	134.2		58.4	62.5
2018-07-23 17:00:00	60.0	-28.3	136.6		54.1	61.0
2018-07-23 18:00:00	52.0	-32.3	128.0		47.9	56.0
2018-07-23 19:00:00	50.0	-24.4	113.6		44.6	42.5
2018-07-23 20:00:00	34.0	-12.2	94.8		41.3	34.5
2018-07-23 21:00:00	32.0	-2.5	78.4		37.9	32.8
2018-07-23 22:00:00	32.0	8.5	57.1		32.8	32.0
2018-07-23 23:00:00	31.0	9.8	51.4		30.6	27.8
2018-07-24 00:00:00	24.0	13.1	45.4		29.2	28.5
2018-07-24 01:00:00	29.0	12.5	43.7		28.1	27.8
2018-07-24 02:00:00	28.0	16.7	37.5		27.1	28.0
2018-07-24 03:00:00	32.0	16.8	36.1		26.4	27.6
2018-07-24 04:00:00	31.0	3.9	41.7		22.8	23.0
2018-07-24 05:00:00	23.0	0.6	41.0		20.8	19.5
2018-07-24 06:00:00	27.0	-0.9	43.0		21.1	19.5
2018-07-24 07:00:00	29.0	-8.2	67.7		29.7	26.5
2018-07-24 08:00:00	49.0	-11.7	94.8		41.6	37.5
2018-07-24 09:00:00	79.0	2.3	105.2		53.7	54.0
2018-07-24 10:00:00	81.0	15.3	108.4		61.8	62.0
2018-07-24 11:00:00	65.0	9.8	116.7		63.2	62.0
2018-07-24 12:00:00	51.0	9.2	121.1		65.1	70.0
2018-07-24 13:00:00	80.0	9.3	122.1		65.7	69.0
2018-07-24 14:00:00	70.0	26.9	114.3		70.6	70.0
2018-07-24 15:00:00	77.0	29.6	113.7		71.7	70.5
2018-07-24 16:00:00	79.0	18.6	119.8		69.2	70.0
2018-07-24 17:00:00	65.0	-2.2	128.5		63.2	65.0
2018-07-24 18:00:00	61.0	-15.7	124.1		54.2	54.0
2018-07-24 19:00:00	56.0	-16.0	115.5		49.7	50.5
2018-07-24 20:00:00	49.0	-11.4	101.0		44.8	40.5
2018-07-24 21:00:00	45.0	-5.8	87.0		40.6	33.4
2018-07-24 22:00:00	44.0	5.7	61.5		33.6	31.5
2018-07-24 23:00:00	37.0	7.5	53.9		30.7	28.3
2018-07-25 00:00:00	26.0	14.5	43.2		28.8	27.8
2018-07-25 01:00:00	28.0	14.8	41.6		28.2	27.1
2018-07-25 02:00:00	28.0	16.6	38.5		27.6	27.3
2018-07-25 03:00:00	28.0	16.9	37.3		27.1	27.5
2018-07-25 04:00:00	28.0	5.5	42.1		23.8	23.0
2018-07-25 05:00:00	17.0	2.2	43.1		22.7	23.0
2018-07-25 06:00:00	25.0	-2.9	50.4		23.8	21.5
2018-07-25 07:00:00	38.0	-12.4	77.5		32.5	27.5
2018-07-25 08:00:00	58.0	-10.4	97.9		43.7	37.5
2018-07-25 09:00:00	74.0	4.2	104.7		54.5	57.5
2018-07-25 10:00:00	58.0	18.1	105.9		62.0	63.9
2018-07-25 11:00:00	43.0	12.3	111.1		61.7	58.5
2018-07-25 12:00:00	39.0	10.5	118.6		64.5	61.0
2018-07-25 13:00:00	69.0	8.1	124.2		66.2	65.5
2018-07-25 14:00:00	66.0	31.8	112.8		72.3	69.5
2018-07-25 15:00:00	60.0	36.0	110.3		73.1	71.5
2018-07-25 16:00:00	58.0	28.0	110.3		69.2	71.5
2018-07-25 17:00:00	48.0	7.4	117.0		62.2	64.5
2018-07-25 18:00:00	42.0	-7.4	114.8		53.7	56.0
2018-07-25 19:00:00	51.0	-13.1	112.2		49.6	47.0
2018-07-25 20:00:00	55.0	-12.8	102.5		44.9	40.0
2018-07-25 21:00:00	32.0	-4.2	88.0		41.9	36.0
2018-07-25 22:00:00	29.0	5.2	65.4		35.3	32.0
2018-07-25 23:00:00	29.0	5.9	57.9		31.9	29.0
2018-07-26 00:00:00	25.0	12.8	45.9		29.4	28.0
2018-07-26 01:00:00	26.0	14.9	42.8		28.8	28.0
2018-07-26 02:00:00	28.0	14.2	42.1		28.2	27.5
2018-07-26 03:00:00	23.0	15.3	39.1		27.2	27.5
2018-07-26 04:00:00	28.0	6.1	39.6		22.8	23.0
2018-07-26 05:00:00	26.0	1.8	41.1		21.5	20.0
2018-07-26 06:00:00	41.0	-4.1	50.6		23.3	20.0
2018-07-26 07:00:00	46.0	-18.1	86.4		34.1	26.5
2018-07-26 08:00:00	37.0	-11.9	107.7		47.9	40.5
2018-07-26 09:00:00	64.0	5.3	108.6		57.0	60.9
2018-07-26 10:00:00	64.0	20.6	101.2		60.9	60.9
2018-07-26 11:00:00	54.0	16.0	100.8		58.4	57.0
2018-07-26 12:00:00	38.0	15.9	105.6		60.7	59.5
2018-07-26 13:00:00	62.0	10.4	116.7		63.5	67.0
2018-07-26 14:00:00	68.0	26.1	113.1		69.6	69.5
2018-07-26 15:00:00	65.0	27.7	114.3		71.0	69.0
2018-07-26 16:00:00	64.0	18.9	114.6		66.7	64.5
2018-07-26 17:00:00	56.0	1.9	116.4		59.1	61.5
2018-07-26 18:00:00	45.0	-11.2	113.1		50.9	51.0
2018-07-26 19:00:00	44.0	-16.7	111.5		47.4	47.5
2018-07-26 20:00:00	36.0	-17.5	103.8		43.2	39.5
2018-07-26 21:00:00	32.0	-11.6	90.8		39.6	33.5
2018-07-26 22:00:00	29.0	2.9	63.4		33.1	30.9
2018-07-26 23:00:00	28.0	3.3	57.8		30.6	29.0
2018-07-27 00:00:00	26.0	10.8	46.2		28.5	27.5
2018-07-27 01:00:00	27.0	11.6	44.2		27.9	26.5
2018-07-27 02:00:00	25.0	12.0	43.3		27.7	26.5
2018-07-27 03:00:00	24.0	12.7	40.1		26.4	26.0
2018-07-27 04:00:00	24.0	5.9	39.5		22.7	23.0
2018-07-27 05:00:00	17.0	1.9	40.9		21.4	21.0
2018-07-27 06:00:00	25.0	-8.6	55.7		23.6	19.5
2018-07-27 07:00:00	43.0	-22.4	88.7		33.2	26.0
2018-07-27 08:00:00	65.0	-17.6	104.6		43.5	40.5
2018-07-27 09:00:00	74.0	-8.0	112.3		52.1	60.5
2018-07-27 10:00:00	68.0	0.5	110.9		55.7	60.5
2018-07-27 11:00:00	57.0	-2.9	111.0		54.1	60.0
2018-07-27 12:00:00	51.0	-7.4	115.0		53.8	58.5
2018-07-27 13:00:00	72.0	-13.3	120.3		53.5	60.5
2018-07-27 14:00:00	71.0	-10.8	125.3		57.2	63.5
2018-07-27 15:00:00	76.0	-11.7	126.6		57.4	64.5
2018-07-27 16:00:00	62.0	-14.1	124.9		55.4	62.5
2018-07-27 17:00:00	54.0	-17.8	121.0		51.6	58.5
2018-07-27 18:00:00	54.0	-25.3	117.8		46.3	44.5
2018-07-27 19:00:00	49.0	-27.9	117.1		44.6	40.0
2018-07-27 20:00:00	46.0	-25.7	105.5		39.9	33.5
2018-07-27 21:00:00	35.0	-15.1	88.6		36.7	29.5
2018-07-27 22:00:00	32.0	4.1	58.1		31.1	29.0
2018-07-27 23:00:00	31.0	4.5	52.9		28.7	27.5
2018-07-28 00:00:00	24.0	9.7	44.7		27.2	27.0
2018-07-28 01:00:00	27.0	10.9	42.1		26.5	25.5
2018-07-28 02:00:00	25.0	9.6	44.6		27.1	26.5
2018-07-28 03:00:00	26.0	8.8	44.5		26.6	25.0
2018-07-28 04:00:00	24.0	0.1	45.2		22.7	21.6
2018-07-28 05:00:00	21.0	-0.5	38.8		19.2	17.5
2018-07-28 06:00:00	21.0	-7.8	46.5		19.3	16.9
2018-07-28 07:00:00	49.0	-28.9	84.1		27.6	19.0
2018-07-28 08:00:00	46.0	-32.3	108.5		38.1	27.5
2018-07-28 09:00:00	46.0	-29.5	123.2		46.9	54.5
2018-07-28 10:00:00	70.0	-25.9	121.3		47.7	54.0
2018-07-28 11:00:00	67.0	-23.2	116.5		46.7	51.0
2018-07-28 12:00:00	33.0	-20.8	112.8		46.0	49.5
2018-07-28 13:00:00	32.0	-22.1	111.5		44.7	46.5
2018-07-28 14:00:00	25.0	-24.8	116.5		45.8	46.5
2018-07-28 15:00:00	25.0	-29.6	121.5		46.0	50.0
2018-07-28 16:00:00	24.0	-31.1	122.1		45.5	49.5
2018-07-28 17:00:00	21.0	-29.1	117.9		44.4	48.0
2018-07-28 18:00:00	19.0	-26.9	113.4		43.3	40.5
2018-07-28 19:00:00	16.0	-23.5	114.5		45.5	43.0
2018-07-28 20:00:00	26.0	-21.4	104.8		41.7	38.0
2018-07-28 21:00:00	29.0	-14.3	89.9		37.8	31.5
2018-07-28 22:00:00	28.0	3.9	58.5		31.2	30.2
2018-07-28 23:00:00	23.0	4.2	53.5		28.8	28.0
2018-07-29 00:00:00	21.0	8.5	44.9		26.7	25.0
2018-07-29 01:00:00	22.0	13.0	37.7		25.3	25.0
2018-07-29 02:00:00	25.0	11.8	40.3		26.0	26.0
2018-07-29 03:00:00	42.0	12.9	38.5	abnormal	25.7	26.0
2018-07-29 04:00:00	38.0	1.9	43.3		22.6	22.1
2018-07-29 05:00:00	16.0	0.3	39.3		19.8	19.5
2018-07-29 06:00:00	15.0	-8.4	48.0		19.8	18.5
2018-07-29 07:00:00	19.0	-27.7	83.4		27.9	19.5
2018-07-29 08:00:00	18.0	-27.9	103.9		38.0	29.5
2018-07-29 09:00:00	20.0	-25.5	119.6		47.1	57.2
2018-07-29 10:00:00	24.0	-21.6	122.4		50.4	59.5
2018-07-29 11:00:00	22.0	-24.1	125.3		50.6	61.0
2018-07-29 12:00:00	24.0	-28.7	129.3		50.3	57.5
2018-07-29 13:00:00	25.0	-31.0	129.1		49.0	55.0
2018-07-29 14:00:00	24.0	-31.0	129.2		49.1	55.0
2018-07-29 15:00:00	23.0	-29.6	124.7		47.5	55.0
2018-07-29 16:00:00	21.0	-29.5	122.4		46.5	53.5
2018-07-29 17:00:00	21.0	-28.6	117.1		44.2	40.0
2018-07-29 18:00:00	24.0	-26.1	110.5		42.2	34.5
2018-07-29 19:00:00	39.0	-23.9	111.1		43.6	34.5
2018-07-29 20:00:00	48.0	-18.4	99.1		40.4	36.5
2018-07-29 21:00:00	38.0	-11.5	84.8		36.7	30.2
2018-07-29 22:00:00	31.0	7.3	54.1		30.7	28.0
2018-07-29 23:00:00	28.0	5.7	53.2		29.5	26.9
2018-07-30 00:00:00	20.0	6.6	49.7		28.1	25.4
2018-07-30 01:00:00	25.0	13.0	39.3		26.2	25.2
2018-07-30 02:00:00	22.0	14.0	38.9		26.5	25.6
2018-07-30 03:00:00	28.0	12.4	41.8		27.1	26.0
2018-07-30 04:00:00	26.0	0.8	46.7		23.8	24.2
2018-07-30 05:00:00	19.0	-0.0	40.7		20.3	19.0
2018-07-30 06:00:00	24.0	-11.3	53.3		21.0	18.7
2018-07-30 07:00:00	26.0	-26.1	86.9		30.4	23.0
2018-07-30 08:00:00	32.0	-24.3	110.6		43.1	42.6
2018-07-30 09:00:00	61.0	-17.7	120.0		51.2	58.7
2018-07-30 10:00:00	61.0	-10.8	119.5		54.3	59.5
2018-07-30 11:00:00	58.0	-14.7	120.1		52.7	57.0
2018-07-30 12:00:00	61.0	-18.9	127.0		54.0	55.0
2018-07-30 13:00:00	96.0	-18.5	128.9		55.2	56.0
2018-07-30 14:00:00	75.0	-17.8	135.0		58.6	57.5
2018-07-30 15:00:00	80.0	-15.2	130.6		57.7	61.5
2018-07-30 16:00:00	71.0	-15.1	125.3		55.1	58.5
2018-07-30 17:00:00	54.0	-18.3	118.1		49.9	56.5
2018-07-30 18:00:00	32.0	-13.2	103.9		45.4	44.0
2018-07-30 19:00:00	37.0	-10.3	100.3		45.0	40.0
2018-07-30 20:00:00	45.0	-7.7	91.4		41.9	38.5
2018-07-30 21:00:00	40.0	-7.6	82.7		37.6	31.5
2018-07-30 22:00:00	37.0	8.6	53.5		31.1	28.0
2018-07-30 23:00:00	48.0	8.6	49.9		29.3	26.5
2018-07-31 00:00:00	39.0	6.3	51.0		28.7	25.9
2018-07-31 01:00:00	24.0	10.5	44.6		27.5	26.0
2018-07-31 02:00:00	26.0	13.0	40.2		26.6	25.6
2018-07-31 03:00:00	28.0	15.5	36.6		26.1	26.0
2018-07-31 04:00:00	26.0	6.1	39.2		22.7	24.1
2018-07-31 05:00:00	19.0	5.5	36.0		20.7	19.5
2018-07-31 06:00:00	24.0	-11.5	60.3		24.4	19.0
2018-07-31 07:00:00	26.0	-13.9	81.7		33.9	28.0
2018-07-31 08:00:00	40.0	-3.7	101.0		48.7	47.5
2018-07-31 09:00:00	75.0	11.9	101.4		56.6	60.5
2018-07-31 10:00:00	65.0	30.8	97.2		64.0	63.4
2018-07-31 11:00:00	51.0	13.7	110.7		62.2	61.0
2018-07-31 12:00:00	49.0	8.4	120.8		64.6	63.0
2018-07-31 13:00:00	65.0	7.1	125.7		66.4	71.5
2018-07-31 14:00:00	74.0	22.5	119.4		71.0	74.2
2018-07-31 15:00:00	63.0	27.3	117.5		72.4	72.0
2018-07-31 16:00:00	67.0	24.0	114.6		69.3	69.5
2018-07-31 17:00:00	54.0	3.0	119.1		61.0	67.0
2018-07-31 18:00:00	40.0	-9.1	110.7		50.8	53.5
2018-07-31 19:00:00	39.0	-15.0	107.3		46.2	38.5
2018-07-31 20:00:00	41.0	-15.3	97.7		41.2	34.5
2018-07-31 21:00:00	40.0	-10.4	84.9		37.3	31.5
2018-07-31 22:00:00	32.0	10.5	52.0		31.2	28.0
2018-07-31 23:00:00	32.0	8.7	51.8		30.3	27.5
2018-08-01 00:00:00	22.0	5.0	55.7		30.4	26.5
2018-08-01 01:00:00	26.0	5.6	51.7		28.7	26.0
2018-08-01 02:00:00	28.0	5.5	48.4		26.9	25.2
2018-08-01 03:00:00	26.0	14.6	36.2		25.4	25.0
2018-08-01 04:00:00	28.0	7.3	36.8		22.0	22.0
2018-08-01 05:00:00	18.0	6.5	34.8		20.6	19.5
2018-08-01 06:00:00	23.0	-13.0	63.1		25.0	19.0
2018-08-01 07:00:00	26.0	-13.7	82.8		34.6	29.0
2018-08-01 08:00:00	29.0	-0.3	99.1		49.4	45.7
2018-08-01 09:00:00	67.0	11.6	101.6		56.6	58.2
2018-08-01 10:00:00	60.0	30.2	97.2		63.7	67.0
2018-08-01 11:00:00	87.0	17.8	104.6		61.2	61.0
2018-08-01 12:00:00	58.0	8.9	121.8		65.3	66.0
2018-08-01 13:00:00	74.0	6.3	128.5		67.4	71.5
2018-08-01 14:00:00	72.0	19.1	126.0		72.5	74.2
2018-08-01 15:00:00	81.0	22.7	121.8		72.3	72.0
2018-08-01 16:00:00	55.0	20.3	118.9		69.6	68.5
2018-08-01 17:00:00	55.0	1.2	120.4		60.8	66.0
2018-08-01 18:00:00	38.0	-11.6	113.1		50.8	53.5
2018-08-01 19:00:00	30.0	-15.3	107.0		45.8	39.0
2018-08-01 20:00:00	39.0	-16.1	95.7		39.8	32.0
2018-08-01 21:00:00	28.0	-6.1	80.8		37.3	33.0
2018-08-01 22:00:00	38.0	12.5	52.0		32.2	31.5
2018-08-01 23:00:00	28.0	4.1	57.0		30.5	29.5
2018-08-02 00:00:00	37.0	0.2	57.7		28.9	26.0
2018-08-02 01:00:00	54.0	5.7	45.6	abnormal	25.7	24.5
2018-08-02 02:00:00	29.0	4.4	48.0		26.2	24.1
2018-08-02 03:00:00	23.0	14.4	34.6		24.5	24.1
2018-08-02 04:00:00	28.0	9.0	34.1		21.5	22.0
2018-08-02 05:00:00	21.0	7.4	33.0		20.2	19.0
2018-08-02 06:00:00	19.0	-11.4	60.5		24.5	20.0
2018-08-02 07:00:00	27.0	-15.9	82.1		33.1	28.0
2018-08-02 08:00:00	36.0	-8.5	104.1		47.8	44.7
2018-08-02 09:00:00	67.0	3.3	112.1		57.7	61.0
2018-08-02 10:00:00	72.0	27.1	105.9		66.5	67.0
2018-08-02 11:00:00	62.0	18.3	114.5		66.4	71.0
2018-08-02 12:00:00	85.0	12.6	124.0		68.3	69.0
2018-08-02 13:00:00	108.0	11.7	127.3		69.5	72.0
2018-08-02 14:00:00	78.0	22.7	129.8		76.2	74.2
2018-08-02 15:00:00	81.0	22.1	128.0		75.1	74.5
2018-08-02 16:00:00	77.0	14.3	128.4		71.3	68.5
2018-08-02 17:00:00	65.0	-2.3	126.7		62.2	56.5
2018-08-02 18:00:00	48.0	-16.6	121.7		52.5	50.0
2018-08-02 19:00:00	31.0	-22.5	118.6		48.1	38.5
2018-08-02 20:00:00	37.0	-25.9	111.1		42.6	33.0
2018-08-02 21:00:00	33.0	-17.4	96.3		39.5	33.5
2018-08-02 22:00:00	34.0	6.0	61.9		33.9	33.0
2018-08-02 23:00:00	33.0	2.9	57.6		30.2	29.0
2018-08-03 00:00:00	6.0	4.4	54.4		29.4	26.0
2018-08-03 01:00:00	24.0	2.2	49.7		26.0	26.0
2018-08-03 02:00:00	22.0	7.0	46.3		26.7	25.0
2018-08-03 03:00:00	25.0	7.3	45.0		26.2	24.5
2018-08-03 04:00:00	27.0	0.6	47.8		24.2	23.0
2018-08-03 05:00:00	25.0	-1.4	45.6		22.1	19.5
2018-08-03 06:00:00	23.0	-11.3	60.1		24.4	19.0
2018-08-03 07:00:00	23.0	-22.0	86.7		32.3	24.5
2018-08-03 08:00:00	36.0	-21.9	109.5		43.8	39.5
2018-08-03 09:00:00	66.0	-18.3	121.7		51.7	59.0
2018-08-03 10:00:00	84.0	-9.2	121.2		56.0	63.5
2018-08-03 11:00:00	78.0	-10.4	123.7		56.7	62.0
2018-08-03 12:00:00	48.0	-16.3	136.3		60.0	63.5
2018-08-03 13:00:00	64.0	-20.5	144.8		62.2	63.5
2018-08-03 14:00:00	72.0	-18.2	149.1		65.4	64.5
2018-08-03 15:00:00	65.0	-14.8	142.2		63.7	68.5
2018-08-03 16:00:00	69.0	-18.0	137.4		59.7	64.5
2018-08-03 17:00:00	50.0	-21.2	127.4		53.1	55.0
2018-08-03 18:00:00	35.0	-24.3	119.7		47.7	46.5
2018-08-03 19:00:00	35.0	-26.1	117.9		45.9	36.0
2018-08-03 20:00:00	39.0	-24.7	110.3		42.8	33.0
2018-08-03 21:00:00	37.0	-19.7	97.5		38.9	32.5
2018-08-03 22:00:00	36.0	2.9	62.5		32.7	31.0
2018-08-03 23:00:00	34.0	3.3	53.0		28.2	27.0
2018-08-04 00:00:00	17.0	5.1	48.9		27.0	26.0
2018-08-04 01:00:00	32.0	8.8	39.7		24.3	24.0
2018-08-04 02:00:00	33.0	14.2	36.5		25.4	24.0
2018-08-04 03:00:00	36.0	8.1	43.1		25.6	24.0
2018-08-04 04:00:00	52.0	6.1	40.1	abnormal	23.1	23.0
2018-08-04 05:00:00	38.0	-1.2	43.5		21.2	19.5
2018-08-04 06:00:00	20.0	-9.3	54.7		22.7	18.5
2018-08-04 07:00:00	20.0	-23.0	81.3		29.2	20.0
2018-08-04 08:00:00	20.0	-28.4	104.4		38.0	29.5
2018-08-04 09:00:00	19.0	-31.8	120.5		44.3	40.0
2018-08-04 10:00:00	22.0	-30.9	125.4		47.2	56.5
2018-08-04 11:00:00	21.0	-29.1	123.0		47.0	52.0
2018-08-04 12:00:00	24.0	-30.2	124.1		47.0	52.0
2018-08-04 13:00:00	30.0	-35.1	131.5		48.2	54.5
2018-08-04 14:00:00	28.0	-37.0	139.1		51.1	62.5
2018-08-04 15:00:00	26.0	-35.0	136.8		50.9	62.0
2018-08-04 16:00:00	27.0	-34.1	131.9		48.9	52.5
2018-08-04 17:00:00	25.0	-30.8	120.7		44.9	47.5
2018-08-04 18:00:00	20.0	-29.0	115.0		43.0	35.0
2018-08-04 19:00:00	21.0	-29.3	116.9		43.8	34.5
2018-08-04 20:00:00	30.0	-25.9	110.3		42.2	33.0
2018-08-04 21:00:00	29.0	-20.4	97.2		38.4	31.0
2018-08-04 22:00:00	28.0	2.2	61.9		32.0	29.0
2018-08-04 23:00:00	32.0	8.0	48.1		28.1	27.4
2018-08-05 00:00:00	29.0	8.9	44.9		26.9	26.0
2018-08-05 01:00:00	36.0	12.8	37.6		25.2	26.0
2018-08-05 02:00:00	26.0	13.0	38.5		25.8	25.0
2018-08-05 03:00:00	25.0	6.6	45.0		25.8	24.0
2018-08-05 04:00:00	27.0	-0.7	47.9		23.6	23.0
2018-08-05 05:00:00	21.0	-3.1	45.8		21.3	19.5
2018-08-05 06:00:00	19.0	-7.0	50.9		21.9	18.5
2018-08-05 07:00:00	17.0	-17.6	73.8		28.1	20.0
2018-08-05 08:00:00	18.0	-19.8	90.2		35.2	32.0
2018-08-05 09:00:00	17.0	-22.3	103.1		40.4	40.5
2018-08-05 10:00:00	18.0	-21.7	107.1		42.7	47.5
2018-08-05 11:00:00	22.0	-20.1	105.3		42.6	48.5
2018-08-05 12:00:00	19.0	-18.7	104.0		42.7	48.5
2018-08-05 13:00:00	22.0	-20.5	107.7		43.6	49.5
2018-08-05 14:00:00	22.0	-24.2	118.5		47.2	60.5
2018-08-05 15:00:00	22.0	-26.2	124.4		49.1	62.0
2018-08-05 16:00:00	21.0	-26.2	121.3		47.6	59.0
2018-08-05 17:00:00	21.0	-25.0	110.6		42.8	43.0
2018-08-05 18:00:00	21.0	-18.2	95.2		38.5	33.5
2018-08-05 19:00:00	22.0	-16.7	92.3		37.8	32.0
2018-08-05 20:00:00	25.0	-10.2	83.1		36.4	32.0
2018-08-05 21:00:00	39.0	-5.2	72.3		33.5	30.0
2018-08-05 22:00:00	43.0	10.9	48.4		29.7	28.0
2018-08-05 23:00:00	29.0	9.5	46.6		28.0	27.4
2018-08-06 00:00:00	18.0	11.2	43.0		27.1	26.0
2018-08-06 01:00:00	26.0	13.0	37.0		25.0	24.0
2018-08-06 02:00:00	21.0	15.4	33.7		24.6	24.0
2018-08-06 03:00:00	24.0	17.3	30.2		23.8	24.0
2018-08-06 04:00:00	22.0	9.3	33.8		21.5	23.0
2018-08-06 05:00:00	17.0	6.9	33.3		20.1	20.5
2018-08-06 06:00:00	21.0	-1.7	45.0		21.7	18.5
2018-08-06 07:00:00	38.0	-9.5	64.9		27.7	25.5
2018-08-06 08:00:00	48.0	-11.4	84.0		36.3	35.0
2018-08-06 09:00:00	69.0	-13.5	101.1		43.8	46.5
2018-08-06 10:00:00	63.0	-11.6	111.5		50.0	57.0
2018-08-06 11:00:00	57.0	-11.9	110.5		49.3	53.0
2018-08-06 12:00:00	47.0	-10.6	109.9		49.7	57.5
2018-08-06 13:00:00	60.0	-11.3	109.0		48.8	56.5
2018-08-06 14:00:00	76.0	-11.1	119.5		54.2	61.5
2018-08-06 15:00:00	78.0	-12.0	125.8		56.9	63.5
2018-08-06 16:00:00	85.0	-11.8	121.8		55.0	62.0
2018-08-06 17:00:00	45.0	-19.3	114.1		47.4	53.0
2018-08-06 18:00:00	31.0	-13.4	88.6		37.6	32.0
2018-08-06 19:00:00	30.0	-7.2	73.0		32.9	30.5
2018-08-06 20:00:00	30.0	-2.3	66.7		32.2	30.0
2018-08-06 21:00:00	28.0	3.8	60.8		32.3	30.5
2018-08-06 22:00:00	28.0	11.2	50.1		30.7	29.5
2018-08-06 23:00:00	25.0	9.1	48.8		29.0	27.9
2018-08-07 00:00:00	20.0	11.0	44.1		27.6	26.0
2018-08-07 01:00:00	21.0	12.8	38.7		25.7	25.0
2018-08-07 02:00:00	24.0	14.7	34.9		24.8	24.5
2018-08-07 03:00:00	21.0	17.5	30.6		24.0	24.0
2018-08-07 04:00:00	25.0	9.8	32.9		21.3	22.5
2018-08-07 05:00:00	23.0	7.6	32.4		20.0	20.0
2018-08-07 06:00:00	24.0	1.5	42.0		21.8	20.5
2018-08-07 07:00:00	27.0	-2.5	60.2		28.8	27.0
2018-08-07 08:00:00	49.0	-1.2	79.8		39.3	37.0
2018-08-07 09:00:00	62.0	6.1	95.5		50.8	49.5
2018-08-07 10:00:00	52.0	24.2	94.6		59.4	60.5
2018-08-07 11:00:00	62.0	19.1	95.9		57.5	57.5
2018-08-07 12:00:00	34.0	24.6	91.8		58.2	58.5
2018-08-07 13:00:00	62.0	21.6	92.7		57.2	59.5
2018-08-07 14:00:00	69.0	34.0	95.6		64.8	64.0
2018-08-07 15:00:00	77.0	34.5	100.2		67.3	69.0
2018-08-07 16:00:00	69.0	25.9	103.7		64.8	63.0
2018-08-07 17:00:00	68.0	-3.1	106.3		51.6	50.6
2018-08-07 18:00:00	31.0	-2.0	79.8		38.9	36.5
2018-08-07 19:00:00	22.0	12.4	50.1		31.3	30.0
2018-08-07 20:00:00	32.0	13.9	46.8		30.3	30.0
2018-08-07 21:00:00	30.0	14.2	45.0		29.6	29.5
2018-08-07 22:00:00	31.0	11.9	44.3		28.1	27.0
2018-08-07 23:00:00	33.0	11.2	41.8		26.5	25.0
2018-08-08 00:00:00	34.0	10.3	42.1		26.2	25.0
2018-08-08 01:00:00	37.0	10.7	40.1		25.4	24.0
2018-08-08 02:00:00	29.0	11.8	37.7		24.7	24.0
2018-08-08 03:00:00	24.0	18.8	29.1		24.0	24.0
2018-08-08 04:00:00	25.0	11.9	31.9		21.9	23.0
2018-08-08 05:00:00	16.0	6.5	36.2		21.3	22.5
2018-08-08 06:00:00	22.0	2.9	41.2		22.0	21.5
2018-08-08 07:00:00	26.0	-1.4	54.7		26.7	26.0
2018-08-08 08:00:00	54.0	-9.1	83.4		37.1	30.5
2018-08-08 09:00:00	48.0	-1.9	103.5		50.8	55.0
2018-08-08 10:00:00	56.0	27.3	96.0		61.6	65.0
2018-08-08 11:00:00	44.0	20.8	102.2		61.5	64.5
2018-08-08 12:00:00	48.0	20.0	102.0		61.0	63.5
2018-08-08 13:00:00	66.0	18.3	100.8		59.6	62.0
2018-08-08 14:00:00	57.0	34.7	98.2		66.5	66.7
2018-08-08 15:00:00	55.0	36.3	101.5		68.9	70.2
2018-08-08 16:00:00	57.0	26.3	104.9		65.6	68.5
2018-08-08 17:00:00	48.0	-5.8	111.3		52.8	53.6
2018-08-08 18:00:00	39.0	-11.3	89.5		39.1	33.8
2018-08-08 19:00:00	46.0	-7.5	70.5		31.5	27.5
2018-08-08 20:00:00	30.0	-1.0	63.0		31.0	28.5
2018-08-08 21:00:00	34.0	8.6	50.2		29.4	29.0
2018-08-08 22:00:00	20.0	12.3	43.7		28.0	27.0
2018-08-08 23:00:00	24.0	10.9	42.4		26.7	25.0
2018-08-09 00:00:00	20.0	10.4	43.1		26.7	25.0
2018-08-09 01:00:00	18.0	9.5	42.7		26.1	24.5
2018-08-09 02:00:00	22.0	10.6	39.5		25.1	24.0
2018-08-09 03:00:00	21.0	14.9	32.9		23.9	24.0
2018-08-09 04:00:00	21.0	9.5	33.8		21.7	22.5
2018-08-09 05:00:00	21.0	4.0	35.9		20.0	19.5
2018-08-09 06:00:00	17.0	3.2	38.4		20.8	21.0
2018-08-09 07:00:00	18.0	-7.8	60.1		26.1	24.0
2018-08-09 08:00:00	24.0	-14.1	89.4		37.7	30.0
2018-08-09 09:00:00	66.0	-6.2	106.0		49.9	51.0
2018-08-09 10:00:00	64.0	19.7	100.6		60.2	66.0
2018-08-09 11:00:00	69.0	13.6	106.0		59.8	64.5
2018-08-09 12:00:00	73.0	12.4	108.7		60.5	65.5
2018-08-09 13:00:00	54.0	12.9	111.4		62.1	66.2
2018-08-09 14:00:00	69.0	33.4	103.1		68.2	69.5
2018-08-09 15:00:00	76.0	34.4	104.3		69.3	70.8
2018-08-09 16:00:00	84.0	21.9	107.1		64.5	64.0
2018-08-09 17:00:00	51.0	-8.8	113.9		52.5	53.1
2018-08-09 18:00:00	20.0	-8.0	89.2		40.6	36.3
2018-08-09 19:00:00	22.0	-4.9	72.0		33.5	29.5
2018-08-09 20:00:00	29.0	1.3	62.0		31.6	29.0
2018-08-09 21:00:00	28.0	8.9	49.6		29.3	29.0
2018-08-09 22:00:00	24.0	9.4	46.8		28.1	27.5
2018-08-09 23:00:00	28.0	6.9	47.0		26.9	24.5
2018-08-10 00:00:00	20.0	7.6	45.5		26.6	25.0
2018-08-10 01:00:00	21.0	9.0	40.3		24.7	23.0
2018-08-10 02:00:00	18.0	11.6	36.2		23.9	23.0
2018-08-10 03:00:00	22.0	13.9	31.8		22.9	22.5
2018-08-10 04:00:00	17.0	-1.5	47.5		23.0	22.0
2018-08-10 05:00:00	13.0	-9.7	55.4		22.8	21.0
2018-08-10 06:00:00	21.0	-13.5	62.5		24.5	21.0
2018-08-10 07:00:00	31.0	-15.0	71.9		28.5	24.0
2018-08-10 08:00:00	30.0	-15.9	92.0		38.0	32.0
2018-08-10 09:00:00	38.0	-8.8	107.0		49.1	46.5
2018-08-10 10:00:00	48.0	5.6	108.7		57.2	66.0
2018-08-10 11:00:00	43.0	0.0	114.7		57.4	67.5
2018-08-10 12:00:00	41.0	-8.9	122.5		56.8	66.5
2018-08-10 13:00:00	58.0	-13.3	124.9		55.8	66.7
2018-08-10 14:00:00	41.0	-1.9	124.4		61.2	68.5
2018-08-10 15:00:00	69.0	-1.2	124.6		61.7	69.8
2018-08-10 16:00:00	57.0	-1.2	120.2		59.5	68.0
2018-08-10 17:00:00	44.0	-11.8	114.5		51.4	52.1
2018-08-10 18:00:00	32.0	-8.7	92.9		42.1	36.8
2018-08-10 19:00:00	28.0	-5.3	77.1		35.9	32.1
2018-08-10 20:00:00	29.0	1.0	62.7		31.9	29.5
2018-08-10 21:00:00	22.0	9.1	49.5		29.3	28.5
2018-08-10 22:00:00	28.0	9.5	45.9		27.7	26.0
2018-08-10 23:00:00	39.0	8.9	43.2		26.0	24.0
2018-08-11 00:00:00	30.0	9.0	40.7		24.8	23.5
2018-08-11 01:00:00	23.0	13.1	32.8		22.9	22.0
2018-08-11 02:00:00	20.0	13.8	31.9		22.8	22.0
2018-08-11 03:00:00	21.0	11.8	33.5		22.7	22.0
2018-08-11 04:00:00	20.0	-3.6	48.5		22.5	22.0
2018-08-11 05:00:00	17.0	-11.6	54.7		21.6	20.5
2018-08-11 06:00:00	21.0	-19.1	66.6		23.7	18.0
2018-08-11 07:00:00	33.0	-24.0	81.5		28.8	22.5
2018-08-11 08:00:00	34.0	-23.7	96.5		36.4	30.5
2018-08-11 09:00:00	34.0	-20.6	108.5		44.0	38.5
2018-08-11 10:00:00	45.0	-15.9	112.1		48.1	41.0
2018-08-11 11:00:00	34.0	-12.5	110.9		49.2	44.0
2018-08-11 12:00:00	19.0	-17.3	115.7		49.2	42.0
2018-08-11 13:00:00	14.0	-20.8	117.6		48.4	41.0
2018-08-11 14:00:00	21.0	-23.1	122.8		49.8	61.0
2018-08-11 15:00:00	28.0	-23.7	122.9		49.6	60.5
2018-08-11 16:00:00	22.0	-22.8	121.7		49.5	50.5
2018-08-11 17:00:00	29.0	-27.3	117.4		45.1	36.5
2018-08-11 18:00:00	35.0	-22.4	103.2		40.4	34.7
2018-08-11 19:00:00	43.0	-18.5	91.1		36.3	32.0
2018-08-11 20:00:00	36.0	-10.5	76.4		33.0	29.5
2018-08-11 21:00:00	29.0	-5.4	65.7		30.1	27.5
2018-08-11 22:00:00	26.0	9.0	46.0		27.5	25.0
2018-08-11 23:00:00	26.0	7.2	44.9		26.0	24.0
2018-08-12 00:00:00	20.0	8.9	39.8		24.3	23.0
2018-08-12 01:00:00	20.0	15.2	29.3		22.3	22.0
2018-08-12 02:00:00	19.0	15.8	28.0		21.9	22.0
2018-08-12 03:00:00	20.0	13.8	29.8		21.8	22.0
2018-08-12 04:00:00	19.0	-3.1	47.2		22.1	21.0
2018-08-12 05:00:00	14.0	-10.6	55.9		22.7	21.0
2018-08-12 06:00:00	12.0	-17.7	70.1		26.2	21.5
2018-08-12 07:00:00	11.0	-19.3	82.1		31.4	27.0
2018-08-12 08:00:00	15.0	-17.5	92.8		37.6	33.5
2018-08-12 09:00:00	16.0	-14.8	102.3		43.8	42.0
2018-08-12 10:00:00	21.0	-9.5	105.6		48.0	45.5
2018-08-12 11:00:00	33.0	-13.1	110.7		48.8	45.0
2018-08-12 12:00:00	34.0	-19.0	114.3		47.7	40.5
2018-08-12 13:00:00	18.0	-23.2	120.1		48.4	43.0
2018-08-12 14:00:00	26.0	-23.0	121.2		49.1	56.0
2018-08-12 15:00:00	19.0	-20.9	120.4		49.7	60.5
2018-08-12 16:00:00	24.0	-18.3	115.0		48.3	52.5
2018-08-12 17:00:00	23.0	-21.4	115.4		47.0	45.5
2018-08-12 18:00:00	16.0	-19.5	113.9		47.2	42.5
2018-08-12 19:00:00	24.0	-24.7	116.0		45.7	38.5
2018-08-12 20:00:00	22.0	-21.2	103.5		41.1	32.3
2018-08-12 21:00:00	23.0	-16.5	83.8		33.6	27.0
2018-08-12 22:00:00	31.0	6.7	46.0		26.3	25.0
2018-08-12 23:00:00	25.0	14.0	32.7		23.3	23.5
2018-08-13 00:00:00	19.0	15.1	29.1		22.1	23.0
2018-08-13 01:00:00	19.0	14.7	27.8		21.3	22.0
2018-08-13 02:00:00	20.0	13.3	29.2		21.2	21.5
2018-08-13 03:00:00	20.0	11.3	31.0		21.2	21.0
2018-08-13 04:00:00	18.0	6.7	32.8		19.7	20.0
2018-08-13 05:00:00	22.0	0.6	36.3		18.4	16.5
2018-08-13 06:00:00	28.0	-15.3	57.6		21.2	15.0
2018-08-13 07:00:00	23.0	-27.8	83.7		28.0	21.5
2018-08-13 08:00:00	25.0	-27.3	99.9		36.3	30.5
2018-08-13 09:00:00	48.0	-28.0	112.4		42.2	35.5
2018-08-13 10:00:00	46.0	-22.8	117.1		47.1	46.5
2018-08-13 11:00:00	45.0	-22.4	120.6		49.1	41.0
2018-08-13 12:00:00	29.0	-18.7	122.1		51.7	47.5
2018-08-13 13:00:00	50.0	-21.6	126.3		52.3	50.0
2018-08-13 14:00:00	55.0	-23.1	128.9		52.9	57.0
2018-08-13 15:00:00	57.0	-28.5	132.6		52.1	61.5
2018-08-13 16:00:00	67.0	-28.5	126.3		48.9	52.5
2018-08-13 17:00:00	48.0	-32.0	124.0		46.0	47.5
2018-08-13 18:00:00	24.0	-30.5	122.0		45.8	45.0
2018-08-13 19:00:00	55.0	-34.1	125.5		45.7	32.5
2018-08-13 20:00:00	51.0	-27.2	114.7		43.8	33.3
2018-08-13 21:00:00	36.0	-22.0	93.4		35.7	27.5
2018-08-13 22:00:00	29.0	4.2	49.7		26.9	25.0
2018-08-13 23:00:00	18.0	11.9	33.9		22.9	23.0
2018-08-14 00:00:00	16.0	12.9	30.7		21.8	23.0
2018-08-14 01:00:00	19.0	11.9	29.8		20.9	22.0
2018-08-14 02:00:00	16.0	13.0	28.9		20.9	22.0
2018-08-14 03:00:00	16.0	12.8	28.6		20.7	21.5
2018-08-14 04:00:00	16.0	8.5	29.4		19.0	19.5
2018-08-14 05:00:00	12.0	2.2	33.9		18.0	16.5
2018-08-14 06:00:00	13.0	-17.2	60.8		21.8	16.0
2018-08-14 07:00:00	21.0	-28.8	87.3		29.2	23.0
2018-08-14 08:00:00	22.0	-25.9	105.0		39.5	35.5
2018-08-14 09:00:00	38.0	-27.1	122.8		47.9	48.0
2018-08-14 10:00:00	50.0	-24.3	131.2		53.4	54.5
2018-08-14 11:00:00	36.0	-29.3	138.7		54.7	57.5
2018-08-14 12:00:00	31.0	-26.3	139.7		56.7	61.5
2018-08-14 13:00:00	57.0	-26.5	142.4		58.0	58.0
2018-08-14 14:00:00	45.0	-20.5	144.8		62.1	65.0
2018-08-14 15:00:00	42.0	-23.3	146.3		61.5	63.5
2018-08-14 16:00:00	59.0	-24.7	137.3		56.3	62.5
2018-08-14 17:00:00	47.0	-24.6	124.3		49.9	48.5
2018-08-14 18:00:00	31.0	-21.7	116.9		47.6	47.5
2018-08-14 19:00:00	28.0	-24.2	120.9		48.4	46.0
2018-08-14 20:00:00	34.0	-20.9	113.2		46.2	38.0
2018-08-14 21:00:00	40.0	-20.1	93.0		36.4	28.5
2018-08-14 22:00:00	18.0	4.4	50.4		27.4	25.5
2018-08-14 23:00:00	28.0	9.7	34.4		22.0	22.5
2018-08-15 00:00:00	14.0	11.2	31.3		21.3	22.5
2018-08-15 01:00:00	16.0	10.3	30.5		20.4	21.5
2018-08-15 02:00:00	16.0	10.5	31.2		20.9	22.0
2018-08-15 03:00:00	16.0	7.0	35.5		21.3	22.0
2018-08-15 04:00:00	18.0	2.8	36.3		19.6	18.5
2018-08-15 05:00:00	13.0	1.4	34.4		17.9	16.0
2018-08-15 06:00:00	13.0	-18.3	59.9		20.8	15.5
2018-08-15 07:00:00	13.0	-31.2	88.5		28.7	22.0
2018-08-15 08:00:00	23.0	-30.0	108.9		39.5	30.5
2018-08-15 09:00:00	17.0	-27.8	126.9		49.6	46.5
2018-08-15 10:00:00	16.0	-23.1	135.9		56.4	59.0
2018-08-15 11:00:00	16.0	-27.8	140.8		56.5	59.0
2018-08-15 12:00:00	20.0	-25.0	139.5		57.2	58.0
2018-08-15 13:00:00	16.0	-18.9	134.1		57.6	57.0
2018-08-15 14:00:00	20.0	-17.8	139.2		60.7	58.0
2018-08-15 15:00:00	18.0	-21.3	140.5		59.6	60.0
2018-08-15 16:00:00	20.0	-26.4	136.5		55.1	56.5
2018-08-15 17:00:00	22.0	-24.6	120.8		48.1	45.5
2018-08-15 18:00:00	13.0	-18.9	107.5		44.3	40.0
2018-08-15 19:00:00	23.0	-21.3	109.9		44.3	37.0
2018-08-15 20:00:00	22.0	-19.2	102.6		41.7	32.5
2018-08-15 21:00:00	24.0	-17.7	85.4		33.9	27.5
2018-08-15 22:00:00	27.0	7.9	45.1		26.5	24.5
2018-08-15 23:00:00	17.0	6.2	41.5		23.8	24.0
2018-08-16 00:00:00	14.0	5.9	40.1		23.0	23.5
2018-08-16 01:00:00	16.0	8.3	34.7		21.5	22.0
2018-08-16 02:00:00	16.0	11.4	31.6		21.5	22.5
2018-08-16 03:00:00	17.0	7.7	36.0		21.8	22.0
2018-08-16 04:00:00	16.0	4.0	36.0		20.0	19.0
2018-08-16 05:00:00	14.0	2.4	34.2		18.3	16.5
2018-08-16 06:00:00	24.0	-16.0	57.7		20.8	16.5
2018-08-16 07:00:00	24.0	-26.3	83.6		28.7	22.0
2018-08-16 08:00:00	24.0	-21.3	101.1		39.9	38.5
2018-08-16 09:00:00	37.0	-21.1	122.2		50.5	46.5
2018-08-16 10:00:00	39.0	-12.2	130.3		59.0	65.5
2018-08-16 11:00:00	39.0	-19.2	137.1		59.0	68.5
2018-08-16 12:00:00	33.0	-17.5	134.4		58.5	66.0
2018-08-16 13:00:00	47.0	-17.2	131.2		57.0	60.0
2018-08-16 14:00:00	54.0	-10.9	133.4		61.3	64.0
2018-08-16 15:00:00	49.0	-9.2	131.4		61.1	62.5
2018-08-16 16:00:00	44.0	-16.5	129.0		56.3	61.5
2018-08-16 17:00:00	27.0	-18.5	118.8		50.1	43.5
2018-08-16 18:00:00	27.0	-21.2	113.7		46.2	40.0
2018-08-16 19:00:00	25.0	-22.0	114.8		46.4	44.5
2018-08-16 20:00:00	23.0	-20.9	104.3		41.7	31.5
2018-08-16 21:00:00	24.0	-17.3	83.9		33.3	27.0
2018-08-16 22:00:00	18.0	10.0	42.1		26.1	25.0
2018-08-16 23:00:00	25.0	5.5	41.8		23.6	24.0
2018-08-17 00:00:00	16.0	5.8	40.1		22.9	24.0
2018-08-17 01:00:00	19.0	8.2	35.0		21.6	22.0
2018-08-17 02:00:00	27.0	10.9	31.3		21.1	22.0
2018-08-17 03:00:00	18.0	6.7	36.5		21.6	22.0
2018-08-17 04:00:00	16.0	3.0	36.3		19.7	19.0
2018-08-17 05:00:00	14.0	0.8	34.7		17.7	16.0
2018-08-17 06:00:00	13.0	-9.2	49.5		20.2	17.0
2018-08-17 07:00:00	19.0	-18.9	71.8		26.5	23.0
2018-08-17 08:00:00	22.0	-13.4	84.1		35.3	30.5
2018-08-17 09:00:00	40.0	-19.6	105.2		42.8	39.1
2018-08-17 10:00:00	38.0	-17.1	116.3		49.6	41.0
2018-08-17 11:00:00	41.0	-22.8	121.7		49.4	43.4
2018-08-17 12:00:00	26.0	-20.6	119.4		49.4	46.7
2018-08-17 13:00:00	38.0	-19.5	115.2		47.9	50.0
2018-08-17 14:00:00	40.0	-13.5	115.6		51.0	55.5
2018-08-17 15:00:00	40.0	-10.9	114.1		51.6	57.0
2018-08-17 16:00:00	38.0	-16.7	113.7		48.5	51.5
2018-08-17 17:00:00	31.0	-22.8	112.8		45.0	37.0
2018-08-17 18:00:00	24.0	-27.6	112.0		42.2	34.0
2018-08-17 19:00:00	18.0	-27.4	113.4		43.0	33.0
2018-08-17 20:00:00	20.0	-25.2	102.3		38.6	29.5
2018-08-17 21:00:00	23.0	-19.1	81.9		31.4	25.5
2018-08-17 22:00:00	16.0	6.8	43.9		25.4	24.9
2018-08-17 23:00:00	18.0	5.8	41.0		23.4	23.5
2018-08-18 00:00:00	16.0	6.1	39.5		22.8	23.0
2018-08-18 01:00:00	16.0	9.1	34.4		21.7	22.0
2018-08-18 02:00:00	16.0	11.8	30.4		21.1	21.5
2018-08-18 03:00:00	16.0	10.9	30.5		20.7	21.5
2018-08-18 04:00:00	14.0	7.7	29.3		18.5	17.5
2018-08-18 05:00:00	12.0	4.1	27.6		15.8	15.5
2018-08-18 06:00:00	11.0	-8.6	44.0		17.7	14.0
2018-08-18 07:00:00	29.0	-20.8	65.2		22.2	14.5
2018-08-18 08:00:00	27.0	-17.6	77.8		30.1	28.5
2018-08-18 09:00:00	28.0	-21.4	92.5		35.6	36.0
2018-08-18 10:00:00	30.0	-23.5	101.9		39.2	39.9
2018-08-18 11:00:00	27.0	-28.9	106.5		38.8	39.4
2018-08-18 12:00:00	13.0	-30.6	107.4		38.4	39.5
2018-08-18 13:00:00	13.0	-31.0	106.6		37.8	39.0
2018-08-18 14:00:00	12.0	-29.7	109.6		40.0	40.0
2018-08-18 15:00:00	12.0	-28.8	110.6		40.9	40.0
2018-08-18 16:00:00	14.0	-29.6	108.4		39.4	36.0
2018-08-18 17:00:00	23.0	-32.2	107.2		37.5	30.5
2018-08-18 18:00:00	20.0	-33.3	106.7		36.7	25.5
2018-08-18 19:00:00	16.0	-31.3	108.2		38.5	24.0
2018-08-18 20:00:00	20.0	-27.3	97.3		35.0	24.5
2018-08-18 21:00:00	17.0	-18.0	77.2		29.6	24.0
2018-08-18 22:00:00	16.0	6.9	40.5		23.7	23.5
2018-08-18 23:00:00	18.0	6.5	38.3		22.4	23.0
2018-08-19 00:00:00	16.0	7.2	36.8		22.0	22.0
2018-08-19 01:00:00	16.0	6.5	35.9		21.2	21.5
2018-08-19 02:00:00	16.0	10.8	29.9		20.4	21.0
2018-08-19 03:00:00	16.0	7.5	33.7		20.6	21.0
2018-08-19 04:00:00	16.0	3.0	35.8		19.4	19.5
2018-08-19 05:00:00	13.0	-1.8	35.5		16.9	15.5
2018-08-19 06:00:00	9.0	-10.0	46.8		18.4	14.0
2018-08-19 07:00:00	9.0	-19.1	65.3		23.1	16.5
2018-08-19 08:00:00	9.0	-15.1	77.0		30.9	28.5
2018-08-19 09:00:00	9.0	-13.8	83.9		35.1	34.5
2018-08-19 10:00:00	12.0	-14.2	88.3		37.0	35.5
2018-08-19 11:00:00	12.0	-20.5	92.4		35.9	32.0
2018-08-19 12:00:00	12.0	-27.0	98.5		35.8	29.0
2018-08-19 13:00:00	12.0	-31.2	103.4		36.1	32.5
2018-08-19 14:00:00	12.0	-38.3	118.4		40.0	41.0
2018-08-19 15:00:00	12.0	-37.6	120.7		41.6	42.5
2018-08-19 16:00:00	12.0	-37.5	119.8		41.1	42.0
2018-08-19 17:00:00	14.0	-30.6	106.0		37.7	31.0
2018-08-19 18:00:00	24.0	-33.1	103.0		34.9	22.5
2018-08-19 19:00:00	18.0	-35.3	107.7		36.2	23.0
2018-08-19 20:00:00	20.0	-33.2	101.0		33.9	22.0
2018-08-19 21:00:00	17.0	-26.1	85.7		29.8	23.0
2018-08-19 22:00:00	16.0	-2.0	50.1		24.0	22.5
2018-08-19 23:00:00	18.0	7.1	37.7		22.4	22.5
2018-08-20 00:00:00	16.0	7.5	36.6		22.0	22.0
2018-08-20 01:00:00	16.0	7.3	35.4		21.3	21.0
2018-08-20 02:00:00	16.0	12.0	29.0		20.5	21.0
2018-08-20 03:00:00	16.0	8.2	33.5		20.8	21.0
2018-08-20 04:00:00	16.0	4.5	35.8		20.1	20.5
2018-08-20 05:00:00	13.0	-0.3	37.0		18.3	17.0
2018-08-20 06:00:00	13.0	-10.2	50.4		20.1	17.0
2018-08-20 07:00:00	19.0	-22.7	73.4		25.4	22.0
2018-08-20 08:00:00	24.0	-19.1	86.9		33.9	30.0
2018-08-20 09:00:00	36.0	-16.7	93.8		38.6	36.0
2018-08-20 10:00:00	35.0	-15.2	97.2		41.0	39.0
2018-08-20 11:00:00	28.0	-20.7	103.1		41.2	36.0
2018-08-20 12:00:00	27.0	-25.3	111.9		43.3	44.5
2018-08-20 13:00:00	40.0	-26.2	114.8		44.3	45.0
2018-08-20 14:00:00	35.0	-28.5	125.1		48.3	50.5
2018-08-20 15:00:00	53.0	-32.3	129.8		48.8	50.0
2018-08-20 16:00:00	47.0	-36.3	130.8		47.3	45.5
2018-08-20 17:00:00	27.0	-33.2	118.8		42.8	39.0
2018-08-20 18:00:00	15.0	-31.0	108.0		38.5	33.0
2018-08-20 19:00:00	17.0	-33.3	109.2		38.0	24.5
2018-08-20 20:00:00	20.0	-31.4	101.8		35.2	23.0
2018-08-20 21:00:00	18.0	-24.2	84.2		30.0	22.0
2018-08-20 22:00:00	20.0	-0.6	49.2		24.3	22.0
2018-08-20 23:00:00	16.0	8.8	36.8		22.8	22.0
2018-08-21 00:00:00	18.0	7.9	36.5		22.2	22.0
2018-08-21 01:00:00	19.0	7.2	35.4		21.3	21.0
2018-08-21 02:00:00	17.0	12.2	28.6		20.4	21.0
2018-08-21 03:00:00	18.0	7.8	33.7		20.8	21.0
2018-08-21 04:00:00	16.0	4.3	36.1		20.2	20.5
2018-08-21 05:00:00	20.0	-9.1	49.6		20.3	17.0
2018-08-21 06:00:00	27.0	-21.2	68.3		23.5	18.0
2018-08-21 07:00:00	20.0	-24.9	86.7		30.9	24.0
2018-08-21 08:00:00	24.0	-16.2	94.5		39.2	33.5
2018-08-21 09:00:00	41.0	-11.7	97.9		43.1	35.5
2018-08-21 10:00:00	37.0	-8.9	101.7		46.4	38.5
2018-08-21 11:00:00	33.0	-11.8	106.5		47.3	38.5
2018-08-21 12:00:00	24.0	-5.8	109.1		51.6	47.5
2018-08-21 13:00:00	41.0	-1.1	108.7		53.8	52.0
2018-08-21 14:00:00	38.0	3.7	113.3		58.5	56.0
2018-08-21 15:00:00	39.0	3.6	116.9		60.3	59.0
2018-08-21 16:00:00	36.0	-8.0	121.7		56.9	55.0
2018-08-21 17:00:00	24.0	-17.2	116.1		49.4	47.5
2018-08-21 18:00:00	14.0	-23.7	108.3		42.3	35.5
2018-08-21 19:00:00	16.0	-31.0	112.8		40.9	30.0
2018-08-21 20:00:00	21.0	-29.7	105.6		37.9	27.0
2018-08-21 21:00:00	36.0	-24.4	89.0		32.3	24.5
2018-08-21 22:00:00	21.0	-0.7	53.4		26.3	23.5
2018-08-21 23:00:00	23.0	6.1	40.5		23.3	22.0
2018-08-22 00:00:00	17.0	12.0	31.8		21.9	22.0
2018-08-22 01:00:00	18.0	12.1	29.6		20.8	21.0
2018-08-22 02:00:00	16.0	10.9	31.1		21.0	21.0
2018-08-22 03:00:00	16.0	6.0	37.5		21.8	21.0
2018-08-22 04:00:00	16.0	-0.1	43.8		21.8	21.0
2018-08-22 05:00:00	13.0	-10.8	57.1		23.2	19.0
2018-08-22 06:00:00	13.0	-22.6	76.7		27.0	20.0
2018-08-22 07:00:00	17.0	-24.2	90.2		33.0	24.0
2018-08-22 08:00:00	23.0	-18.9	97.8		39.4	28.0
2018-08-22 09:00:00	35.0	-15.5	102.3		43.4	37.0
2018-08-22 10:00:00	27.0	-11.5	104.2		46.3	37.0
2018-08-22 11:00:00	33.0	-15.2	110.0		47.4	37.0
2018-08-22 12:00:00	32.0	-12.4	115.4		51.5	44.0
2018-08-22 13:00:00	39.0	-4.2	115.8		55.8	55.0
2018-08-22 14:00:00	42.0	4.9	111.9		58.4	56.0
2018-08-22 15:00:00	41.0	3.6	111.9		57.8	59.0
2018-08-22 16:00:00	48.0	-6.6	113.7		53.6	49.5
2018-08-22 17:00:00	37.0	-17.0	114.7		48.8	45.0
2018-08-22 18:00:00	32.0	-23.0	110.5		43.8	36.5
2018-08-22 19:00:00	28.0	-27.0	110.7		41.8	31.0
2018-08-22 20:00:00	28.0	-24.1	98.2		37.1	26.5
2018-08-22 21:00:00	26.0	-15.5	79.4		31.9	25.0
2018-08-22 22:00:00	25.0	9.4	43.5		26.4	25.0
2018-08-22 23:00:00	19.0	8.6	40.8		24.7	24.0
2018-08-23 00:00:00	17.0	13.2	32.6		22.9	22.5
2018-08-23 01:00:00	18.0	13.3	29.3		21.3	21.9
2018-08-23 02:00:00	16.0	11.9	30.5		21.2	21.0
2018-08-23 03:00:00	16.0	7.0	36.5		21.8	21.0
2018-08-23 04:00:00	16.0	0.3	43.6		21.9	20.5
2018-08-23 05:00:00	15.0	-13.0	60.8		23.9	19.5
2018-08-23 06:00:00	16.0	-24.1	82.3		29.1	21.0
2018-08-23 07:00:00	20.0	-22.1	93.0		35.4	26.0
2018-08-23 08:00:00	23.0	-12.2	95.1		41.4	41.0
2018-08-23 09:00:00	42.0	-12.4	98.2		42.9	39.0
2018-08-23 10:00:00	37.0	-11.8	100.1		44.2	41.0
2018-08-23 11:00:00	35.0	-15.5	104.2		44.3	37.5
2018-08-23 12:00:00	23.0	-9.7	106.8		48.5	43.0
2018-08-23 13:00:00	37.0	-4.2	109.2		52.5	49.0
2018-08-23 14:00:00	38.0	2.2	108.3		55.2	52.5
2018-08-23 15:00:00	38.0	4.4	102.7		53.5	52.5
2018-08-23 16:00:00	27.0	-0.7	99.1		49.2	47.7
2018-08-23 17:00:00	34.0	-10.6	97.8		43.6	43.4
2018-08-23 18:00:00	30.0	-19.9	98.0		39.0	33.0
2018-08-23 19:00:00	25.0	-24.4	99.5		37.5	28.0
2018-08-23 20:00:00	26.0	-20.9	88.5		33.8	26.0
2018-08-23 21:00:00	25.0	-12.6	73.4		30.4	25.5
2018-08-23 22:00:00	28.0	4.1	47.5		25.8	24.5
2018-08-23 23:00:00	29.0	6.0	41.5		23.7	23.5
2018-08-24 00:00:00	24.0	10.5	33.3		21.9	22.0
2018-08-24 01:00:00	22.0	12.3	29.3		20.8	21.0
2018-08-24 02:00:00	20.0	10.8	30.9		20.9	21.0
2018-08-24 03:00:00	20.0	6.2	36.5		21.4	20.5
2018-08-24 04:00:00	20.0	-0.1	43.2		21.6	20.0
2018-08-24 05:00:00	16.0	-9.5	52.9		21.7	18.0
2018-08-24 06:00:00	16.0	-20.0	69.8		24.9	18.0
2018-08-24 07:00:00	23.0	-22.7	81.2		29.2	24.5
2018-08-24 08:00:00	28.0	-17.1	85.4		34.2	31.5
2018-08-24 09:00:00	48.0	-19.0	89.7		35.3	35.5
2018-08-24 10:00:00	54.0	-19.0	89.4		35.2	36.0
2018-08-24 11:00:00	46.0	-22.3	94.1		35.9	34.5
2018-08-24 12:00:00	31.0	-22.0	101.2		39.6	37.5
2018-08-24 13:00:00	39.0	-21.4	106.7		42.7	38.0
2018-08-24 14:00:00	38.0	-22.2	110.2		44.0	38.5
2018-08-24 15:00:00	28.0	-18.4	102.3		41.9	39.5
2018-08-24 16:00:00	30.0	-17.7	96.6		39.5	37.0
2018-08-24 17:00:00	29.0	-21.3	93.1		35.9	33.5
2018-08-24 18:00:00	24.0	-26.1	92.5		33.2	28.0
2018-08-24 19:00:00	23.0	-27.2	89.4		31.1	25.0
2018-08-24 20:00:00	19.0	-18.0	77.2		29.6	25.0
2018-08-24 21:00:00	16.0	-7.0	61.6		27.3	25.0
2018-08-24 22:00:00	18.0	6.4	41.9		24.2	23.5
2018-08-24 23:00:00	16.0	11.2	33.9		22.6	22.0
2018-08-25 00:00:00	16.0	11.3	31.2		21.2	21.0
2018-08-25 01:00:00	16.0	13.5	27.6		20.6	20.9
2018-08-25 02:00:00	16.0	14.2	26.2		20.2	20.9
2018-08-25 03:00:00	16.0	14.1	25.9		20.0	20.0
2018-08-25 04:00:00	16.0	10.1	27.9		19.0	20.0
2018-08-25 05:00:00	14.0	-3.3	39.0		17.9	16.5
2018-08-25 06:00:00	12.0	-15.5	53.9		19.2	15.0
2018-08-25 07:00:00	29.0	-23.7	67.7		22.0	14.0
2018-08-25 08:00:00	41.0	-19.5	70.3		25.4	19.7
2018-08-25 09:00:00	34.0	-16.9	69.9		26.5	20.8
2018-08-25 10:00:00	38.0	-15.1	66.5		25.7	20.8
2018-08-25 11:00:00	41.0	-15.3	66.1		25.4	21.1
2018-08-25 12:00:00	41.0	-18.7	73.1		27.2	23.0
2018-08-25 13:00:00	35.0	-19.9	76.7		28.4	23.5
2018-08-25 14:00:00	34.0	-21.3	79.1		28.9	23.5
2018-08-25 15:00:00	34.0	-20.3	76.6		28.2	21.5
2018-08-25 16:00:00	43.0	-17.7	70.5		26.4	20.5
2018-08-25 17:00:00	36.0	-17.0	63.5		23.3	17.0
2018-08-25 18:00:00	14.0	-7.6	51.1		21.8	19.5
2018-08-25 19:00:00	19.0	-1.0	43.9		21.5	20.5
2018-08-25 20:00:00	20.0	2.3	44.3		23.3	22.0
2018-08-25 21:00:00	19.0	3.5	43.2		23.3	22.0
2018-08-25 22:00:00	20.0	3.7	40.1		21.9	21.5
2018-08-25 23:00:00	16.0	8.4	33.3		20.9	21.0
2018-08-26 00:00:00	17.0	5.7	35.3		20.5	20.0
2018-08-26 01:00:00	17.0	5.8	35.2		20.5	20.0
2018-08-26 02:00:00	18.0	7.6	32.5		20.0	20.0
2018-08-26 03:00:00	16.0	9.2	31.3		20.2	20.4
2018-08-26 04:00:00	16.0	-3.3	45.2		21.0	20.0
2018-08-26 05:00:00	15.0	-9.7	50.0		20.2	17.0
2018-08-26 06:00:00	11.0	-14.8	55.2		20.2	15.0
2018-08-26 07:00:00	11.0	-15.4	57.7		21.2	14.3
2018-08-26 08:00:00	12.0	-13.3	61.4		24.1	20.1
2018-08-26 09:00:00	12.0	-12.5	65.1		26.3	22.0
2018-08-26 10:00:00	12.0	-14.3	67.1		26.4	22.0
2018-08-26 11:00:00	12.0	-15.9	69.2		26.6	22.5
2018-08-26 12:00:00	11.0	-19.4	74.3		27.5	23.5
2018-08-26 13:00:00	11.0	-19.9	76.1		28.1	24.0
2018-08-26 14:00:00	8.0	-20.0	76.1		28.0	24.0
2018-08-26 15:00:00	23.0	-19.7	72.1		26.2	22.0
2018-08-26 16:00:00	14.0	-16.8	69.5		26.3	23.5
2018-08-26 17:00:00	8.0	-15.0	65.1		25.1	19.0
2018-08-26 18:00:00	10.0	-9.5	58.2		24.4	21.0
2018-08-26 19:00:00	16.0	-1.5	46.3		22.4	21.5
2018-08-26 20:00:00	16.0	6.5	38.5		22.5	22.0
2018-08-26 21:00:00	16.0	11.7	31.1		21.4	22.0
2018-08-26 22:00:00	16.0	11.7	30.2		20.9	21.5
2018-08-26 23:00:00	16.0	9.6	31.9		20.8	21.0
2018-08-27 00:00:00	16.0	6.3	35.1		20.7	20.0
2018-08-27 01:00:00	16.0	6.2	35.2		20.7	20.0
2018-08-27 02:00:00	16.0	7.8	32.4		20.1	20.0
2018-08-27 03:00:00	16.0	9.2	31.3		20.2	20.4
2018-08-27 04:00:00	16.0	-2.8	45.6		21.4	20.0
2018-08-27 05:00:00	15.0	-8.2	50.6		21.2	17.7
2018-08-27 06:00:00	20.0	-16.5	61.7		22.6	17.0
2018-08-27 07:00:00	35.0	-16.8	64.1		23.6	18.0
2018-08-27 08:00:00	42.0	-12.5	64.7		26.1	22.5
2018-08-27 09:00:00	39.0	-9.7	63.8		27.0	23.5
2018-08-27 10:00:00	22.0	-10.4	65.0		27.3	25.0
2018-08-27 11:00:00	18.0	-12.5	66.6		27.0	25.0
2018-08-27 12:00:00	25.0	-18.8	75.5		28.3	23.5
2018-08-27 13:00:00	24.0	-20.1	80.8		30.3	25.0
2018-08-27 14:00:00	25.0	-18.9	83.6		32.3	25.5
2018-08-27 15:00:00	24.0	-18.6	80.2		30.8	25.0
2018-08-27 16:00:00	25.0	-17.5	74.5		28.5	24.0
2018-08-27 17:00:00	24.0	-15.2	68.0		26.4	23.5
2018-08-27 18:00:00	30.0	-8.1	59.1		25.5	23.0
2018-08-27 19:00:00	27.0	-1.3	50.3		24.5	22.5
2018-08-27 20:00:00	16.0	4.3	43.3		23.8	22.0
2018-08-27 21:00:00	16.0	10.2	33.1		21.7	22.0
2018-08-27 22:00:00	16.0	11.8	29.7		20.7	22.0
2018-08-27 23:00:00	19.0	8.9	32.1		20.5	21.0
2018-08-28 00:00:00	17.0	6.1	35.7		20.9	21.0
2018-08-28 01:00:00	16.0	5.8	35.9		20.9	21.0
2018-08-28 02:00:00	16.0	7.4	33.2		20.3	20.5
2018-08-28 03:00:00	16.0	8.8	31.9		20.4	21.0
2018-08-28 04:00:00	16.0	-2.1	45.6		21.8	20.0
2018-08-28 05:00:00	14.0	-6.7	51.5		22.4	19.5
2018-08-28 06:00:00	14.0	-12.5	62.4		25.0	19.0
2018-08-28 07:00:00	36.0	-11.8	64.9		26.6	21.5
2018-08-28 08:00:00	37.0	-7.4	65.6		29.1	27.0
2018-08-28 09:00:00	25.0	-4.0	64.8		30.4	27.5
2018-08-28 10:00:00	26.0	-3.1	64.3		30.6	30.0
2018-08-28 11:00:00	35.0	-4.3	64.0		29.9	26.0
2018-08-28 12:00:00	30.0	-9.7	72.0		31.2	25.0
2018-08-28 13:00:00	37.0	-11.3	76.3		32.5	25.0
2018-08-28 14:00:00	38.0	-11.4	80.0		34.3	30.0
2018-08-28 15:00:00	26.0	-9.2	77.3		34.1	32.5
2018-08-28 16:00:00	21.0	-8.2	72.2		32.0	27.5
2018-08-28 17:00:00	20.0	-3.7	64.7		30.5	28.5
2018-08-28 18:00:00	18.0	2.4	56.3		29.3	28.0
2018-08-28 19:00:00	22.0	2.0	53.8		27.9	26.0
2018-08-28 20:00:00	32.0	1.0	50.0		25.5	23.0
2018-08-28 21:00:00	27.0	2.6	43.3		23.0	22.0
2018-08-28 22:00:00	16.0	8.5	34.9		21.7	22.0
2018-08-28 23:00:00	16.0	6.2	36.8		21.5	21.5
2018-08-29 00:00:00	16.0	5.9	36.9		21.4	21.0
2018-08-29 01:00:00	16.0	5.5	36.2		20.8	21.0
2018-08-29 02:00:00	16.0	8.7	31.4		20.1	20.5
2018-08-29 03:00:00	16.0	12.0	27.1		19.5	20.5
2018-08-29 04:00:00	16.0	9.5	28.4		19.0	19.5
2018-08-29 05:00:00	19.0	1.4	34.0		17.7	16.5
2018-08-29 06:00:00	34.0	-8.7	45.7		18.5	15.0
2018-08-29 07:00:00	34.0	-14.3	58.4		22.1	16.5
2018-08-29 08:00:00	36.0	-12.2	63.3		25.6	20.0
2018-08-29 09:00:00	39.0	-11.7	66.7		27.5	23.0
2018-08-29 10:00:00	40.0	-10.2	65.2		27.5	25.0
2018-08-29 11:00:00	31.0	-7.4	61.1		26.8	25.0
2018-08-29 12:00:00	20.0	-14.7	71.7		28.5	24.5
2018-08-29 13:00:00	20.0	-22.7	85.1		31.2	24.0
2018-08-29 14:00:00	19.0	-21.7	89.7		34.0	34.0
2018-08-29 15:00:00	17.0	-14.8	83.5		34.3	34.0
2018-08-29 16:00:00	31.0	-9.5	72.6		31.6	29.0
2018-08-29 17:00:00	29.0	-7.6	69.3		30.9	31.0
2018-08-29 18:00:00	21.0	-1.5	59.6		29.0	29.0
2018-08-29 19:00:00	17.0	0.8	57.8		29.3	26.0
2018-08-29 20:00:00	19.0	2.6	52.5		27.5	25.0
2018-08-29 21:00:00	16.0	2.6	48.7		25.6	23.0
2018-08-29 22:00:00	16.0	9.0	36.6		22.8	23.0
2018-08-29 23:00:00	16.0	6.4	38.0		22.2	22.0
2018-08-30 00:00:00	16.0	6.0	38.2		22.1	22.0
2018-08-30 01:00:00	16.0	5.9	37.4		21.6	21.0
2018-08-30 02:00:00	16.0	9.4	32.2		20.8	21.0
2018-08-30 03:00:00	16.0	12.4	28.3		20.4	21.0
2018-08-30 04:00:00	16.0	10.5	28.0		19.3	20.0
2018-08-30 05:00:00	14.0	1.4	33.9		17.7	17.0
2018-08-30 06:00:00	11.0	-0.9	34.9		17.0	15.0
2018-08-30 07:00:00	20.0	-9.2	47.5		19.1	16.0
2018-08-30 08:00:00	20.0	-10.8	56.6		22.9	19.0
2018-08-30 09:00:00	20.0	-13.6	66.8		26.6	20.0
2018-08-30 10:00:00	18.0	-12.3	67.3		27.5	22.0
2018-08-30 11:00:00	12.0	-8.0	65.6		28.8	24.5
2018-08-30 12:00:00	0.0	-23.7	86.0	abnormal	31.2	24.5
2018-08-30 13:00:00	0.0	-30.4	99.3	abnormal	34.5	25.0
2018-08-30 14:00:00	0.0	-33.8	104.5	abnormal	35.3	24.0
2018-08-30 15:00:00	0.0	-24.1	94.2	abnormal	35.1	31.0
2018-08-30 16:00:00	0.0	-19.4	90.0	abnormal	35.3	31.0
2018-08-30 17:00:00	0.0	-20.3	95.9	abnormal	37.8	33.0
2018-08-30 18:00:00	0.0	-17.3	89.7	abnormal	36.2	31.0
2018-08-30 19:00:00	0.0	-12.9	81.5	abnormal	34.3	30.0
2018-08-30 20:00:00	0.0	-0.6	58.8	abnormal	29.1	29.0
2018-08-30 21:00:00	0.0	1.0	50.1	abnormal	25.6	23.0
2018-08-30 22:00:00	0.0	8.9	36.5	abnormal	22.7	22.0
2018-08-30 23:00:00	0.0	6.6	38.3	abnormal	22.5	21.0
2018-08-31 00:00:00	0.0	6.1	38.6	abnormal	22.3	21.0
2018-08-31 01:00:00	0.0	5.7	37.6	abnormal	21.7	21.0
2018-08-31 02:00:00	0.0	9.7	31.7	abnormal	20.7	20.0
2018-08-31 03:00:00	0.0	13.7	26.9	abnormal	20.3	21.0
2018-08-31 04:00:00	0.0	10.7	27.4	abnormal	19.1	20.0
2018-08-31 05:00:00	0.0	4.1	29.0	abnormal	16.5	17.0
2018-08-31 06:00:00	0.0	6.3	23.2	abnormal	14.8	15.0
2018-08-31 07:00:00	0.0	-7.2	39.6	abnormal	16.2	15.0
2018-08-31 08:00:00	0.0	-13.3	52.7	abnormal	19.7	17.0
2018-08-31 09:00:00	0.0	-20.1	65.4	abnormal	22.7	19.0
2018-08-31 10:00:00	0.0	-20.7	66.1	abnormal	22.7	19.0
2018-08-31 11:00:00	0.0	-20.4	68.4	abnormal	24.0	18.5
2018-08-31 12:00:00	0.0	-34.8	94.2	abnormal	29.7	21.0
2018-08-31 13:00:00	0.0	-36.1	108.0	abnormal	35.9	30.5
2018-08-31 14:00:00	0.0	-34.8	110.9	abnormal	38.0	30.0
2018-08-31 15:00:00	0.0	-28.2	100.0	abnormal	35.9	29.5
2018-08-31 16:00:00	0.0	-27.2	97.3	abnormal	35.0	28.0
2018-08-31 17:00:00	0.0	-34.1	107.2	abnormal	36.5	32.0
2018-08-31 18:00:00	0.0	-28.3	99.1	abnormal	35.4	30.5
2018-08-31 19:00:00	0.0	-20.3	86.3	abnormal	33.0	29.5
2018-08-31 20:00:00	0.0	2.2	54.6	abnormal	28.4	25.5
2018-08-31 21:00:00	0.0	8.1	41.9	abnormal	25.0	23.0
2018-08-31 22:00:00	0.0	15.8	29.8	abnormal	22.8	22.5
2018-08-31 23:00:00	0.0	18.4	25.3	abnormal	21.8	22.0
